0.999499 -0.012632 -0.0290036 0.038217 0.0113781 0.99901 -0.0429982 -0.00416245 0.0295181 0.0426467 0.998654 0.00232711
0.996442 -0.0431794 -0.0723771 0.0518362 0.0318428 0.988014 -0.151047 -0.0200449 0.0780317 0.148205 0.985873 0.0294412
0.999618 0.00470235 -0.0272262 0.185021 -0.00895111 0.987381 -0.158108 -0.0687872 0.0261392 0.158292 0.987046 -0.0204631
0.999652 0.0261083 0.00383688 0.415358 -0.0252477 0.988557 -0.14872 -0.0627328 -0.00767579 0.148571 0.988872 -0.0122036
0.999514 0.0236728 0.0203002 0.615668 -0.0187205 0.976097 -0.216526 -0.0741331 -0.0249408 0.216041 0.976066 0.0417828
0.999011 -0.0354326 -0.0268453 0.902499 0.0273715 0.966134 -0.256587 -0.0629624 0.0350276 0.255598 0.966148 0.131987
0.991889 -0.0917252 -0.0879875 1.07066 0.0670754 0.965755 -0.250634 -0.0256489 0.107964 0.242699 0.964075 0.244164
0.987563 -0.099899 -0.121407 1.33521 0.0568383 0.946809 -0.316736 0.0214159 0.146591 0.305896 0.940712 0.346179
0.991865 -0.0803181 -0.0987573 1.55061 0.0475822 0.953508 -0.297587 0.0438097 0.118067 0.290467 0.949573 0.392082
0.99337 -0.0533284 -0.10184 1.74964 0.0298013 0.975066 -0.219904 0.0552621 0.111028 0.215412 0.970191 0.447051
0.99335 -0.102329 -0.0527629 1.98263 0.0827062 0.953056 -0.291279 0.0969932 0.0800922 0.284978 0.955182 0.44136
0.989092 -0.122938 -0.081135 2.21945 0.0926105 0.947362 -0.306478 0.112049 0.114542 0.295621 0.948414 0.49385
0.985385 -0.129691 -0.110442 2.41652 0.0956264 0.957698 -0.271421 0.0915742 0.140972 0.256893 0.956103 0.583908
0.983866 -0.115466 -0.136656 2.64026 0.0733803 0.957083 -0.280369 0.0700038 0.163164 0.265818 0.950115 0.646107
0.987911 -0.0746754 -0.135849 2.85709 0.035257 0.961597 -0.272192 0.0213218 0.150958 0.264112 0.952605 0.724999
0.990483 -0.0435458 -0.130567 3.07357 0.0053762 0.960149 -0.279438 -0.0169746 0.137532 0.276077 0.951245 0.772243
0.993734 -0.0590851 -0.0948766 3.33646 0.0276502 0.952424 -0.303521 -0.0232473 0.108296 0.298995 0.948089 0.778177
0.992388 -0.0999316 -0.0719673 3.58912 0.0745282 0.95258 -0.295021 -0.0108513 0.0980365 0.287412 0.952777 0.82509
0.990375 -0.122177 -0.0650385 3.80309 0.0956088 0.943657 -0.316812 0.00643283 0.100081 0.307545 0.946256 0.87302
0.993324 -0.0946672 -0.0659154 4.06174 0.0697512 0.948034 -0.31043 -0.00318135 0.0918776 0.30376 0.948308 0.914847
0.997777 -0.0398106 -0.0534375 4.29441 0.0199496 0.943602 -0.33048 -0.0446652 0.0635804 0.32868 0.942299 0.978471
0.998031 -0.0224408 -0.0585777 4.52259 0.000942146 0.939077 -0.343704 -0.0725728 0.062722 0.342972 0.937249 1.02364
0.996166 -0.0693568 -0.0533249 4.7682 0.0470394 0.938537 -0.341959 -0.0618821 0.0737645 0.338139 0.938201 1.07798
0.99507 -0.0976946 -0.0170461 4.99081 0.0874677 0.945586 -0.313394 -0.0341581 0.0467355 0.310358 0.94947 1.11248
0.995044 -0.0991586 -0.00746202 5.21951 0.0921615 0.9478 -0.305255 -0.022195 0.0373412 0.303055 0.952241 1.13239
0.99787 -0.0644601 -0.0100335 5.44614 0.0581099 0.948186 -0.312357 -0.0564012 0.0296482 0.311108 0.949912 1.19131
0.998332 -0.0383289 -0.0431796 5.67282 0.022086 0.944503 -0.327761 -0.0916504 0.053346 0.32626 0.943774 1.27161
0.995362 -0.0702487 -0.065721 5.92261 0.0430101 0.936074 -0.349164 -0.0954196 0.0860481 0.344718 0.934754 1.344
0.98845 -0.114988 -0.098709 6.17045 0.0816516 0.952827 -0.292325 -0.0773666 0.127667 0.280889 0.951211 1.45192
0.982623 -0.148059 -0.111941 6.39862 0.112779 0.955246 -0.273471 -0.0455547 0.147421 0.256094 0.955344 1.54688
0.982415 -0.146795 -0.115378 6.6331 0.109603 0.953685 -0.280128 -0.00616347 0.151156 0.262556 0.953004 1.59854
0.989504 -0.110536 -0.0930819 6.86296 0.0772529 0.948987 -0.305705 -0.0102626 0.122125 0.295305 0.947566 1.64442
0.992495 -0.0968009 -0.0747223 7.08317 0.0648217 0.934596 -0.349755 -0.0212466 0.103692 0.342286 0.933857 1.66313
0.987563 -0.14547 -0.0596391 7.31146 0.111552 0.915637 -0.386219 0.00583144 0.110791 0.374763 0.920477 1.71092
0.984129 -0.172645 -0.0410406 7.5295 0.148533 0.927947 -0.341836 0.0551032 0.0970997 0.330315 0.938863 1.76486
0.985119 -0.168367 -0.0345318 7.77206 0.149197 0.937459 -0.3145 0.10495 0.0853235 0.304668 0.948629 1.80085
0.991347 -0.126419 -0.0353588 7.99637 0.111624 0.953567 -0.279732 0.123828 0.0690804 0.273364 0.959427 1.86228
0.995179 -0.0891696 -0.0408357 8.2204 0.0735328 0.953907 -0.290953 0.116066 0.0648976 0.286547 0.955866 1.91882
0.990646 -0.104309 -0.0879757 8.4712 0.0726604 0.94895 -0.306943 0.105095 0.115502 0.297679 0.947653 2.00609
0.98258 -0.144791 -0.1165 8.69623 0.10968 0.957873 -0.265425 0.119572 0.150023 0.248024 0.957067 2.11454
0.979045 -0.170463 -0.11141 8.90713 0.14312 0.965161 -0.219046 0.153364 0.144868 0.198511 0.969333 2.17021
0.981944 -0.163653 -0.094891 9.13839 0.13965 0.965462 -0.219958 0.18251 0.12761 0.202735 0.970883 2.20031
0.989803 -0.129512 -0.0592987 9.35537 0.11106 0.962358 -0.248058 0.18048 0.089193 0.238943 0.966929 2.23716
0.992284 -0.109947 -0.0573144 9.56911 0.091281 0.960624 -0.262429 0.157841 0.0839107 0.255172 0.963248 2.26769
0.986722 -0.14297 -0.0770653 9.81213 0.116097 0.952681 -0.280928 0.141044 0.113583 0.268251 0.95663 2.33632
0.982237 -0.167372 -0.0848347 10.0401 0.138551 0.951798 -0.273651 0.131599 0.126547 0.257036 0.95808 2.41608
0.979583 -0.1745 -0.099838 10.2589 0.143136 0.954077 -0.263152 0.129798 0.141173 0.243489 0.959574 2.46533
0.984813 -0.142696 -0.0988967 10.4963 0.113399 0.960014 -0.255955 0.0870643 0.131466 0.240853 0.961617 2.5258
0.990528 -0.0959399 -0.0982371 10.7295 0.066631 0.961376 -0.267052 0.0315131 0.120064 0.257977 0.958662 2.57328
0.987065 -0.105167 -0.121007 10.9752 0.0667492 0.955833 -0.28623 -0.0103755 0.145765 0.274451 0.950489 2.62657
0.982785 -0.137364 -0.123551 11.2018 0.101792 0.960668 -0.258369 -0.0258855 0.154182 0.241345 0.958113 2.68021
0.980964 -0.15709 -0.11416 11.4181 0.124611 0.960096 -0.250374 -0.0278378 0.148935 0.231382 0.961395 2.72752
0.977826 -0.159512 -0.135689 11.6468 0.119267 0.956769 -0.265271 -0.019976 0.172137 0.243206 0.954578 2.774
0.983008 -0.14691 -0.110057 11.8748 0.111319 0.953833 -0.278947 -0.027624 0.145956 0.261956 0.953979 2.84238
0.982648 -0.144597 -0.116166 12.1103 0.107133 0.953734 -0.280917 -0.0346658 0.151411 0.263597 0.952676 2.8981
0.973784 -0.185221 -0.132054 12.3539 0.138142 0.942728 -0.303612 -0.0173793 0.180726 0.27741 0.9436 2.96737
0.967807 -0.213465 -0.133351 12.5708 0.170903 0.946291 -0.274456 -0.00168498 0.184775 0.24283 0.952309 3.04618
0.964655 -0.222154 -0.141733 12.7885 0.181836 0.950451 -0.252147 0.021698 0.190725 0.217462 0.957253 3.09563
0.971154 -0.196888 -0.134519 13.0269 0.15989 0.956195 -0.245208 0.02778 0.176905 0.216626 0.960093 3.1666
0.977243 -0.171427 -0.124938 13.2587 0.132818 0.953731 -0.269734 0.0269686 0.165397 0.247001 0.954795 3.22483
0.975011 -0.174425 -0.137585 13.5124 0.126372 0.944814 -0.302251 0.0316985 0.182713 0.277311 0.943247 3.27342
0.968621 -0.196968 -0.151584 13.7547 0.146303 0.944883 -0.292903 0.0447018 0.200922 0.261535 0.94405 3.35716
0.963767 -0.216902 -0.155262 13.9586 0.169886 0.947862 -0.269622 0.0762082 0.205649 0.233475 0.950367 3.44012
0.957069 -0.225361 -0.182296 14.1764 0.174031 0.949694 -0.260373 0.135545 0.231803 0.21747 0.948143 3.50484
0.960155 -0.221386 -0.170562 14.3888 0.17131 0.948437 -0.266685 0.182598 0.220808 0.22684 0.948571 3.58227
0.956095 -0.242699 -0.164258 14.6141 0.190149 0.940245 -0.282457 0.246788 0.222995 0.238822 0.945112 3.65092
0.933458 -0.305328 -0.188231 14.8478 0.242213 0.92363 -0.297053 0.336504 0.264554 0.231694 0.936124 3.7443
0.91255 -0.355495 -0.202179 15.0529 0.297327 0.91614 -0.268858 0.428359 0.280802 0.185233 0.941721 3.83978
0.898968 -0.378827 -0.219877 15.2454 0.324333 0.913091 -0.247131 0.516592 0.294388 0.15085 0.943706 3.91124
0.914462 -0.351812 -0.19997 15.4758 0.295157 0.917918 -0.265159 0.572978 0.276842 0.183455 0.943241 3.98019
0.940048 -0.291397 -0.177194 15.7179 0.237702 0.932396 -0.272278 0.576817 0.244556 0.213835 0.945763 4.03685
0.949706 -0.252969 -0.184568 15.9681 0.191441 0.935465 -0.297078 0.573751 0.247809 0.246803 0.936845 4.08881
0.954854 -0.232779 -0.184576 16.1958 0.172257 0.94003 -0.294398 0.563918 0.242036 0.249313 0.93769 4.16428
0.95734 -0.217335 -0.190436 16.4366 0.158136 0.945625 -0.284229 0.571764 0.241854 0.241989 0.939653 4.23387
0.962077 -0.188708 -0.19697 16.6889 0.125034 0.94684 -0.296411 0.569774 0.242435 0.260543 0.934528 4.28882
0.975182 -0.12937 -0.179678 16.9344 0.0754474 0.95713 -0.279661 0.53719 0.208155 0.259164 0.943136 4.34855
0.980994 -0.0750606 -0.17893 17.1817 0.022349 0.959719 -0.28007 0.489235 0.192745 0.270748 0.943157 4.376
0.977521 -0.0930144 -0.189211 17.4246 0.0332617 0.954221 -0.297247 0.455627 0.208197 0.284272 0.935865 4.43232
0.980607 -0.107688 -0.163748 17.6675 0.0594549 0.959596 -0.275028 0.441927 0.18675 0.259958 0.947389 4.47428
0.980447 -0.111474 -0.162162 17.9036 0.0662248 0.962921 -0.26153 0.434561 0.185303 0.245678 0.951475 4.49296
0.984259 -0.0820427 -0.156535 18.1516 0.035878 0.960033 -0.277577 0.401306 0.173052 0.267592 0.947865 4.53883
0.987808 -0.0418728 -0.149943 18.3914 -0.00121848 0.96104 -0.276405 0.339532 0.155675 0.273218 0.949272 4.58881
0.983357 -0.0404626 -0.177119 18.6381 -0.0116473 0.958839 -0.283711 0.288543 0.181308 0.281052 0.94241 4.63739
0.97962 -0.0761232 -0.185874 18.8887 0.0233207 0.962248 -0.271172 0.259411 0.1995 0.261311 0.944413 4.71082
0.978802 -0.100343 -0.178546 19.1228 0.0552827 0.968843 -0.241429 0.250289 0.197209 0.22644 0.953852 4.75558
0.978039 -0.102892 -0.181256 19.3695 0.0613158 0.973208 -0.221599 0.247795 0.1992 0.205618 0.958144 4.77796
0.984871 -0.0898595 -0.148173 19.6038 0.0540999 0.97175 -0.229728 0.214997 0.16463 0.218236 0.961909 4.81929
0.987055 -0.0848324 -0.136107 19.8389 0.0486498 0.967042 -0.249925 0.177999 0.152823 0.240068 0.958651 4.848
0.981143 -0.120336 -0.151251 20.0907 0.078637 0.963377 -0.25636 0.161696 0.176561 0.239632 0.954674 4.90167
0.981704 -0.143152 -0.125561 20.3467 0.109189 0.963428 -0.244711 0.171004 0.156 0.226524 0.961432 4.9395
0.982344 -0.14255 -0.121158 20.6183 0.114264 0.969958 -0.214769 0.185125 0.148134 0.197133 0.969121 4.96758
0.988854 -0.119824 -0.0883779 20.8772 0.0964957 0.967803 -0.23248 0.19345 0.113389 0.22136 0.968578 5.00699
0.991797 -0.107622 -0.0689654 21.1215 0.087846 0.965822 -0.243865 0.183255 0.0928536 0.235806 0.967354 5.05084
0.987648 -0.131955 -0.0844995 21.4048 0.107807 0.963591 -0.244682 0.188647 0.11371 0.23255 0.965914 5.10024
0.981883 -0.167748 -0.0881276 21.6365 0.143754 0.962437 -0.230325 0.206284 0.123454 0.213484 0.969115 5.19599
0.974453 -0.203761 -0.0944634 21.8497 0.18175 0.962518 -0.201312 0.251498 0.131942 0.179 0.974962 5.2756
0.970468 -0.209618 -0.119385 22.0907 0.185067 0.964397 -0.188914 0.307287 0.154734 0.161241 0.97471 5.34969
0.974825 -0.202264 -0.0938346 22.3255 0.178144 0.959605 -0.21777 0.343994 0.134091 0.195572 0.971479 5.43239
0.971877 -0.216166 -0.0934236 22.5663 0.189123 0.952849 -0.237302 0.400573 0.140315 0.212959 0.966933 5.48852
0.958521 -0.270596 -0.089522 22.8089 0.242072 0.938692 -0.245476 0.480039 0.150459 0.213623 0.96526 5.56986
0.947008 -0.307453 -0.0929992 23.0296 0.283975 0.936678 -0.204922 0.552171 0.150114 0.167654 0.97435 5.64708
0.939899 -0.325181 -0.104152 23.2635 0.301405 0.933458 -0.194453 0.625953 0.160454 0.151374 0.975367 5.71049
0.945222 -0.308128 -0.107759 23.5132 0.283421 0.938461 -0.19739 0.690838 0.161949 0.156036 0.974385 5.80514
0.947258 -0.305154 -0.0978948 23.7374 0.279037 0.935592 -0.216348 0.747777 0.157609 0.177621 0.971396 5.88568
0.932763 -0.339525 -0.12114 23.9658 0.306371 0.923723 -0.229942 0.832524 0.189971 0.177367 0.965636 5.96596
0.918548 -0.375991 -0.122063 24.1763 0.347941 0.915538 -0.201809 0.908941 0.187632 0.142901 0.971789 6.0542
0.903964 -0.397235 -0.158285 24.3772 0.362827 0.908419 -0.207683 0.98272 0.226288 0.130307 0.965305 6.15917
0.905135 -0.379144 -0.192305 24.5971 0.335449 0.914844 -0.2248 1.04338 0.261161 0.138966 0.95524 6.28052
0.909666 -0.367843 -0.19287 24.8123 0.317151 0.915021 -0.249302 1.07141 0.268184 0.165613 0.949026 6.38835
0.893216 -0.389656 -0.224351 25.0197 0.320903 0.901967 -0.288924 1.11981 0.314938 0.186077 0.930693 6.50181
0.866803 -0.432007 -0.249042 25.2397 0.354179 0.884949 -0.302363 1.17977 0.351012 0.173884 0.920084 6.61135
0.856299 -0.45953 -0.235765 25.4595 0.386525 0.872945 -0.2976 1.25844 0.342565 0.163705 0.925121 6.67554
0.84457 -0.472114 -0.252606 25.6964 0.399781 0.869837 -0.289064 1.34959 0.356198 0.143148 0.923381 6.72866
0.849584 -0.463358 -0.252006 25.9118 0.38843 0.872852 -0.295385 1.42107 0.356833 0.153068 0.921542 6.81763
0.824228 -0.49171 -0.280836 26.0942 0.414895 0.861927 -0.291452 1.53195 0.38537 0.123705 0.914433 6.89725
0.765246 -0.572917 -0.29354 26.2627 0.501492 0.816464 -0.286167 1.70759 0.403614 0.0717805 0.912109 6.9832
0.743573 -0.627281 -0.231557 26.4304 0.580067 0.777401 -0.24325 1.88727 0.332599 0.0465554 0.941919 7.03084
0.688055 -0.681906 -0.248164 26.5737 0.652462 0.73103 -0.199721 2.11315 0.317606 -0.0244988 0.947906 7.06414
0.660717 -0.717058 -0.221991 26.7188 0.68998 0.696624 -0.196577 2.32883 0.295601 -0.0232877 0.955027 7.13376
0.589435 -0.778472 -0.215749 26.8109 0.748568 0.62676 -0.216375 2.53412 0.303664 -0.0339637 0.952173 7.22442
0.486993 -0.841564 -0.233684 26.8744 0.809793 0.535301 -0.240183 2.75361 0.32722 -0.0722684 0.94218 7.31765
0.382052 -0.88705 -0.259188 26.9275 0.875098 0.437408 -0.207071 2.95424 0.297053 -0.147703 0.943368 7.39621
0.321452 -0.898785 -0.298083 27.0131 0.899721 0.38805 -0.199797 3.14548 0.295246 -0.203966 0.933396 7.49383
0.297556 -0.907201 -0.297401 27.0966 0.903768 0.368056 -0.21849 3.34402 0.307674 -0.203768 0.929416 7.58564
0.308412 -0.917953 -0.249489 27.2077 0.908265 0.362119 -0.20958 3.54447 0.282729 -0.161965 0.945427 7.66604
0.293528 -0.926364 -0.235988 27.2932 0.914543 0.343991 -0.212792 3.7564 0.278301 -0.153361 0.948171 7.7361
0.256139 -0.942277 -0.215655 27.3724 0.924288 0.304057 -0.230739 3.96236 0.282991 -0.140227 0.948816 7.82132
0.24521 -0.943202 -0.224148 27.4585 0.937421 0.289637 -0.193269 4.15413 0.247213 -0.16273 0.955199 7.90628
0.240518 -0.940001 -0.241968 27.5397 0.933378 0.292394 -0.208113 4.36162 0.266377 -0.175792 0.947703 7.9894
0.256913 -0.931494 -0.257517 27.6193 0.929963 0.310791 -0.196414 4.58998 0.262993 -0.189019 0.946101 8.08545
0.246962 -0.939291 -0.238205 27.6642 0.933133 0.296801 -0.202908 4.80025 0.261289 -0.172167 0.949782 8.1793
0.173825 -0.95581 -0.237092 27.6907 0.946186 0.228838 -0.228834 5.04307 0.272977 -0.184556 0.944152 8.25575
0.0835398 -0.964721 -0.249667 27.6807 0.968165 0.137901 -0.208901 5.28592 0.235961 -0.224267 0.94553 8.31373
0.0282354 -0.957809 -0.286014 27.6647 0.972277 0.0927579 -0.214646 5.51929 0.23212 -0.272024 0.933875 8.38174
0.0178798 -0.953257 -0.301633 27.6749 0.968001 0.0920291 -0.233462 5.77237 0.250308 -0.287807 0.924399 8.46347
0.0349947 -0.964244 -0.262696 27.7064 0.974536 0.0911783 -0.204855 6.01 0.221482 -0.248838 0.942881 8.53064
0.0199305 -0.971086 -0.237896 27.7233 0.975318 0.0712193 -0.209005 6.26412 0.219904 -0.227859 0.948537 8.57517
-0.0538318 -0.971218 -0.232029 27.7094 0.974758 -0.000689087 -0.223264 6.52372 0.216678 -0.238191 0.94674 8.65678
-0.0857238 -0.963041 -0.255351 27.7003 0.977644 -0.0319167 -0.207832 6.74229 0.192001 -0.267458 0.944247 8.75508
-0.092599 -0.957652 -0.272631 27.6943 0.968206 -0.0226975 -0.249123 6.97581 0.232385 -0.287032 0.929306 8.83878
-0.0542873 -0.966721 -0.250007 27.7217 0.971909 0.0062661 -0.235273 7.20701 0.22901 -0.255756 0.939225 8.92571
-0.0547244 -0.967464 -0.247021 27.7457 0.972447 0.00450616 -0.233081 7.42972 0.226611 -0.25297 0.94056 9.00505
-0.0654375 -0.972779 -0.222303 27.7564 0.966704 -0.00656974 -0.255812 7.66707 0.247388 -0.231641 0.94082 9.08292
-0.104418 -0.964088 -0.244195 27.7367 0.972468 -0.0475411 -0.228136 7.89405 0.208334 -0.261293 0.942509 9.15144
-0.129266 -0.956905 -0.260045 27.7106 0.968082 -0.0649938 -0.242062 8.12575 0.214729 -0.283035 0.934764 9.21022
-0.117221 -0.963816 -0.239411 27.6905 0.963182 -0.0516041 -0.26385 8.3655 0.241949 -0.261526 0.93438 9.28025
-0.106357 -0.967722 -0.228479 27.6754 0.965688 -0.0457766 -0.25564 8.58654 0.23693 -0.247829 0.939386 9.3688
-0.105778 -0.970545 -0.216455 27.6822 0.965508 -0.0481613 -0.255879 8.81595 0.237917 -0.236056 0.942164 9.43262
-0.127451 -0.961751 -0.24247 27.6762 0.960107 -0.0582827 -0.273491 9.04189 0.248899 -0.267654 0.930812 9.51993
-0.110046 -0.956822 -0.269039 27.6875 0.966399 -0.0397396 -0.253958 9.26116 0.232301 -0.287946 0.929044 9.58594
-0.0816152 -0.953717 -0.289419 27.7089 0.9602 0.00258816 -0.279301 9.48967 0.267123 -0.300696 0.915547 9.67491
-0.000159083 -0.961575 -0.274541 27.7605 0.966599 0.0702148 -0.246487 9.73014 0.256292 -0.26541 0.929447 9.76841
0.0258955 -0.968449 -0.247861 27.7845 0.962333 0.0912755 -0.256094 9.95402 0.270638 -0.231893 0.934334 9.8391
0.011079 -0.974921 -0.222274 27.776 0.955008 0.0762003 -0.286623 10.201 0.296372 -0.209098 0.931902 9.93777
0.00754487 -0.971175 -0.23825 27.7617 0.964548 0.0699215 -0.254475 10.4499 0.263798 -0.227883 0.937272 10.0181
0.0225349 -0.964954 -0.261451 27.758 0.957911 0.0957008 -0.270645 10.6959 0.286181 -0.244348 0.926496 10.0848
0.0758497 -0.965875 -0.247652 27.7593 0.955823 0.141167 -0.257826 10.9477 0.283988 -0.217156 0.933913 10.1615
0.0994684 -0.968677 -0.227531 27.7579 0.957439 0.15544 -0.243204 11.1873 0.270954 -0.193656 0.942911 10.2248
0.105144 -0.96846 -0.225898 27.763 0.946228 0.167312 -0.276875 11.4374 0.305938 -0.184639 0.933976 10.3066
0.0904106 -0.975553 -0.200306 27.7596 0.956585 0.141024 -0.255064 11.699 0.277077 -0.168549 0.945949 10.3794
0.104844 -0.970245 -0.21825 27.78 0.95892 0.156798 -0.236403 11.9447 0.26359 -0.184499 0.946826 10.4461
0.118339 -0.96278 -0.243004 27.8094 0.946943 0.183068 -0.264168 12.1969 0.298822 -0.19885 0.933362 10.5259
0.15145 -0.962423 -0.225401 27.8483 0.948553 0.205649 -0.240741 12.4374 0.278048 -0.177344 0.944054 10.6022
0.152726 -0.966977 -0.204036 27.8838 0.943182 0.204267 -0.262075 12.6834 0.295098 -0.152417 0.943232 10.6876
0.1099 -0.969958 -0.217033 27.8971 0.946894 0.168557 -0.273826 12.9377 0.302183 -0.175414 0.936972 10.7809
0.0998311 -0.964804 -0.243283 27.9163 0.957796 0.15942 -0.239192 13.179 0.269557 -0.209136 0.94 10.851
0.103367 -0.959362 -0.262562 27.9419 0.950814 0.172805 -0.257082 13.4314 0.292007 -0.223074 0.930038 10.9362
0.148802 -0.958671 -0.242503 27.9873 0.944414 0.210474 -0.252552 13.6651 0.293155 -0.191443 0.936702 11.0444
0.169267 -0.960982 -0.218774 28.0414 0.940389 0.223918 -0.255987 13.8986 0.294987 -0.162403 0.941599 11.1256
0.167521 -0.9666 -0.19396 28.0961 0.93201 0.219412 -0.288472 14.1306 0.321395 -0.132447 0.937637 11.2164
0.172662 -0.964557 -0.199542 28.1416 0.938929 0.222397 -0.262585 14.357 0.297656 -0.142017 0.944051 11.3067
0.19049 -0.95764 -0.215962 28.2015 0.932027 0.245507 -0.266556 14.6 0.308285 -0.150506 0.939313 11.3902
0.245735 -0.945688 -0.21281 28.2735 0.916916 0.297993 -0.265453 14.8195 0.314451 -0.129898 0.940344 11.4823
0.28455 -0.943173 -0.171629 28.3499 0.912493 0.321359 -0.253149 15.0324 0.293918 -0.0845765 0.952081 11.566
0.313077 -0.935397 -0.164362 28.4434 0.889364 0.349468 -0.294794 15.2508 0.333188 -0.0538843 0.941319 11.6596
0.313063 -0.935196 -0.165532 28.512 0.892581 0.349269 -0.285149 15.4688 0.324486 -0.0584811 0.944081 11.7495
0.358368 -0.917866 -0.170569 28.6044 0.883235 0.392524 -0.256557 15.6799 0.302437 -0.0587105 0.95136 11.8148
0.435898 -0.877735 -0.198931 28.7378 0.83306 0.477147 -0.279897 15.8885 0.340595 -0.043715 0.939193 11.9194
0.50877 -0.846984 -0.154179 28.8635 0.804551 0.531509 -0.264945 16.0714 0.306352 0.0107511 0.951858 12.0065
0.53644 -0.834984 -0.122609 28.9759 0.783774 0.546783 -0.294494 16.2563 0.312938 0.0618807 0.947755 12.0883
0.526705 -0.840131 -0.129465 29.0795 0.783609 0.538902 -0.309098 16.4499 0.329452 0.0613542 0.942177 12.1932
0.512034 -0.844388 -0.157579 29.1737 0.798003 0.5355 -0.276462 16.6639 0.317824 0.0158093 0.948018 12.2888
0.530462 -0.828613 -0.178916 29.2971 0.781523 0.559787 -0.275428 16.8735 0.328378 0.0062774 0.944526 12.3546
0.578484 -0.78351 -0.226868 29.438 0.7303 0.621377 -0.283816 17.0451 0.363343 -0.00149848 0.931654 12.4648
0.596591 -0.772513 -0.217493 29.5728 0.721028 0.634939 -0.277435 17.1984 0.352417 0.00869658 0.935803 12.5467
0.593443 -0.782041 -0.190363 29.7037 0.725668 0.622175 -0.293775 17.3862 0.348183 0.0361984 0.936727 12.6025
0.53466 -0.817655 -0.213492 29.7993 0.760189 0.575707 -0.301121 17.5996 0.369122 -0.00129694 0.92938 12.7204
0.505999 -0.835121 -0.215726 29.8926 0.795057 0.548567 -0.258764 17.8042 0.334439 -0.0405801 0.941543 12.7943
0.495275 -0.831438 -0.251822 30.0015 0.793314 0.550995 -0.258952 18.0091 0.354055 -0.0715213 0.932486 12.8648
0.49677 -0.83798 -0.225851 30.1035 0.796202 0.543598 -0.265639 18.2096 0.345372 -0.0478614 0.937245 12.9614
0.460987 -0.866298 -0.192404 30.1739 0.822982 0.498454 -0.272479 18.4264 0.331953 -0.0327354 0.942728 13.016
0.393264 -0.901796 -0.179184 30.224 0.856155 0.430226 -0.286189 18.6697 0.335173 -0.0408615 0.94127 13.07
0.3189 -0.93423 -0.159739 30.2346 0.887685 0.353467 -0.295086 18.9061 0.332141 -0.0476949 0.942023 13.1638
0.295792 -0.940589 -0.166732 30.2684 0.902524 0.332362 -0.273834 19.1452 0.312981 -0.0694813 0.947215 13.2197
0.304567 -0.935121 -0.181075 30.3237 0.897784 0.345339 -0.27336 19.3752 0.318156 -0.0793095 0.944715 13.2856
0.303204 -0.94191 -0.144472 30.3577 0.908639 0.331453 -0.253996 19.5948 0.287127 -0.0542603 0.956355 13.3506
0.276216 -0.95176 -0.133633 30.3864 0.919819 0.302096 -0.250341 19.8405 0.278634 -0.0537699 0.958891 13.4083
0.209724 -0.96533 -0.155412 30.4091 0.922365 0.248068 -0.296151 20.0889 0.324436 -0.0812371 0.942413 13.5253
0.165523 -0.970685 -0.17428 30.4306 0.938585 0.209301 -0.274318 20.3048 0.302753 -0.118171 0.945715 13.6215
0.143033 -0.966776 -0.211864 30.474 0.941252 0.199043 -0.272813 20.5468 0.305919 -0.160396 0.938449 13.7008
0.154534 -0.966574 -0.204583 30.5347 0.941995 0.20659 -0.264512 20.774 0.297935 -0.15184 0.942433 13.7845
0.158279 -0.969692 -0.186134 30.5988 0.952832 0.19944 -0.228767 20.9893 0.258956 -0.141146 0.95552 13.8474
0.121289 -0.972542 -0.198625 30.6513 0.955489 0.168607 -0.242099 21.2241 0.26894 -0.16042 0.949703 13.9322
0.0482974 -0.974987 -0.21695 30.6771 0.962756 0.10329 -0.249863 21.4508 0.266022 -0.196802 0.943664 14.0371
0.0086918 -0.972182 -0.234067 30.6967 0.971519 0.0636421 -0.228257 21.659 0.236804 -0.225416 0.945046 14.1261
-0.00928118 -0.971204 -0.23807 30.7305 0.967569 0.0513804 -0.247327 21.8713 0.252437 -0.232644 0.93923 14.2119
-0.000276393 -0.97438 -0.224907 30.7615 0.972007 0.0525805 -0.228993 22.1035 0.234952 -0.218674 0.94709 14.3108
-0.0110529 -0.975467 -0.219866 30.7804 0.969879 0.04305 -0.239754 22.2978 0.243338 -0.215893 0.945609 14.4101
-0.050872 -0.97704 -0.206893 30.7756 0.965177 0.00512959 -0.261548 22.506 0.256604 -0.212993 0.942756 14.5116
-0.110521 -0.965377 -0.236287 30.7465 0.959723 -0.0418771 -0.277809 22.7061 0.258296 -0.257474 0.931123 14.6313
-0.128585 -0.955137 -0.266796 30.7313 0.959063 -0.0513196 -0.278505 22.9276 0.252318 -0.291685 0.922635 14.703
-0.113349 -0.954089 -0.277248 30.7345 0.95823 -0.0312299 -0.284288 23.1604 0.262578 -0.297892 0.917776 14.7757
-0.0789336 -0.963658 -0.255212 30.7393 0.96704 -0.0118498 -0.254349 23.3856 0.242081 -0.266877 0.932831 14.8475
-0.0847404 -0.970217 -0.226933 30.7351 0.967252 -0.0254123 -0.252541 23.5891 0.239253 -0.240902 0.940598 14.9189
-0.0885394 -0.975819 -0.199845 30.7356 0.968141 -0.0371272 -0.247638 23.7932 0.23423 -0.215404 0.948018 14.9856
-0.0743649 -0.970566 -0.229068 30.7404 0.977611 -0.0256114 -0.208857 23.9925 0.196843 -0.239471 0.95074 15.0355
-0.0613344 -0.96667 -0.248571 30.7169 0.967022 0.00412682 -0.254659 24.2639 0.247197 -0.255993 0.934538 15.1486
-0.0658959 -0.970883 -0.230311 30.6493 0.962732 -0.00118615 -0.270454 24.5087 0.262306 -0.239549 0.934779 15.2871
-0.159705 -0.96434 -0.21105 30.5446 0.960254 -0.102181 -0.259751 24.6882 0.228923 -0.244146 0.942331 15.2987
-0.341924 -0.908249 -0.241188 30.3867 0.924841 -0.279734 -0.257716 24.8261 0.166602 -0.311179 0.935634 15.2948
-0.478894 -0.823815 -0.303299 30.2401 0.876023 -0.426041 -0.225993 24.916 0.0569584 -0.373923 0.925709 15.2456
-0.591727 -0.739926 -0.31995 30.0754 0.806096 -0.53904 -0.244224 24.9944 0.00824146 -0.402424 0.915416 15.217
-0.685137 -0.650505 -0.327765 29.8871 0.728123 -0.62433 -0.282929 25.0577 -0.0205869 -0.432499 0.9014 15.2047
-0.784456 -0.543467 -0.298785 29.6004 0.617833 -0.726722 -0.300261 25.1011 -0.053952 -0.420141 0.905853 15.2185
-0.845504 -0.450836 -0.286131 29.3982 0.525373 -0.79814 -0.294883 25.1402 -0.095429 -0.39965 0.911687 15.1758
-0.895237 -0.340115 -0.287875 29.1818 0.418932 -0.862552 -0.283724 25.1814 -0.151808 -0.3746 0.914674 15.1186
-0.903151 -0.284708 -0.32134 28.9845 0.377565 -0.883005 -0.278833 25.2383 -0.204359 -0.373155 0.904982 15.037
-0.912468 -0.268512 -0.308712 28.7765 0.359663 -0.8861 -0.292351 25.2709 -0.195049 -0.377793 0.905112 14.9878
-0.89314 -0.303932 -0.331551 28.5783 0.394308 -0.883728 -0.252084 25.3197 -0.216385 -0.355879 0.909136 14.946
-0.885146 -0.310913 -0.346193 28.3734 0.397428 -0.892102 -0.214955 25.3536 -0.242007 -0.327853 0.913206 14.891
-0.896825 -0.304713 -0.320709 28.1515 0.383673 -0.89664 -0.22098 25.408 -0.220225 -0.321228 0.921039 14.8401
-0.904241 -0.278977 -0.323296 27.9337 0.367735 -0.893583 -0.257449 25.4769 -0.217069 -0.351683 0.910604 14.8292
-0.895907 -0.290657 -0.335961 27.7392 0.39024 -0.876296 -0.282523 25.5464 -0.212284 -0.384219 0.898505 14.7959
-0.883006 -0.353677 -0.308567 27.5535 0.442251 -0.847132 -0.294586 25.6422 -0.157209 -0.396585 0.904437 14.7815
-0.856472 -0.411725 -0.311348 27.3687 0.496402 -0.82236 -0.278045 25.7555 -0.141562 -0.392691 0.90871 14.7727
-0.836441 -0.429442 -0.340509 27.1933 0.52032 -0.817393 -0.247259 25.8723 -0.172147 -0.383991 0.907147 14.7061
-0.839823 -0.432998 -0.327429 26.9939 0.520002 -0.814839 -0.256195 25.989 -0.15587 -0.385422 0.90948 14.671
-0.846184 -0.420942 -0.326771 26.7904 0.513732 -0.807334 -0.29033 26.106 -0.141601 -0.413545 0.899405 14.6791
-0.838903 -0.421342 -0.344546 26.603 0.522928 -0.799511 -0.295514 26.2116 -0.150956 -0.42808 0.891044 14.6802
-0.839484 -0.448504 -0.306774 26.4106 0.53423 -0.78442 -0.315092 26.3437 -0.0993194 -0.428402 0.898113 14.6694
-0.813522 -0.512701 -0.274445 26.2339 0.580056 -0.749034 -0.32013 26.515 -0.0414377 -0.419627 0.90675 14.7065
-0.777686 -0.568128 -0.269137 26.0853 0.627116 -0.731009 -0.268981 26.6827 -0.0439259 -0.377963 0.924778 14.7302
-0.750542 -0.60641 -0.262591 25.9456 0.659556 -0.712016 -0.240872 26.8763 -0.0409021 -0.353978 0.934359 14.723
-0.731569 -0.621047 -0.281259 25.8057 0.680062 -0.693907 -0.236662 27.0637 -0.0481892 -0.364408 0.929992 14.7487
-0.698641 -0.648474 -0.302295 25.6714 0.713165 -0.665082 -0.221498 27.2576 -0.0574156 -0.370334 0.927122 14.7677
-0.662502 -0.685064 -0.302949 25.5322 0.748369 -0.622718 -0.2284 27.4629 -0.0321834 -0.378033 0.925232 14.7837
-0.598788 -0.748541 -0.28485 25.3962 0.800884 -0.562393 -0.205669 27.688 -0.00624541 -0.351284 0.936248 14.823
-0.560492 -0.781607 -0.27375 25.2697 0.828159 -0.528577 -0.186436 27.8951 0.0010219 -0.331205 0.943558 14.8342
-0.564926 -0.785504 -0.252671 25.1146 0.824989 -0.5318 -0.191262 28.0946 0.0158662 -0.3165 0.94846 14.8597
-0.565888 -0.778028 -0.272841 24.9495 0.824482 -0.534017 -0.187232 28.2806 -2.95577e-05 -0.330905 0.943664 14.8906
-0.576007 -0.767527 -0.281279 24.7779 0.817069 -0.530158 -0.226563 28.4681 0.0247712 -0.360327 0.932497 14.9222
-0.555665 -0.78432 -0.275823 24.6233 0.828905 -0.496903 -0.256913 28.6695 0.0644446 -0.371388 0.926238 14.9878
-0.527344 -0.806687 -0.266767 24.4944 0.847991 -0.480078 -0.224579 28.8642 0.0530963 -0.344646 0.93723 15.0222
-0.524274 -0.814017 -0.250024 24.3682 0.84837 -0.473948 -0.235883 29.0867 0.0735146 -0.335781 0.939067 15.0541
-0.547937 -0.787555 -0.281997 24.219 0.835395 -0.4977 -0.233258 29.2983 0.0433531 -0.363389 0.930628 15.0855
-0.546519 -0.781837 -0.300079 24.0878 0.836504 -0.492659 -0.239891 29.5059 0.0397191 -0.382122 0.923258 15.1187
-0.534287 -0.792224 -0.294818 23.9649 0.840434 -0.460475 -0.285715 29.7244 0.0905942 -0.400429 0.911838 15.1728
-0.501608 -0.823231 -0.265857 23.8617 0.859369 -0.438874 -0.262441 29.9402 0.0993718 -0.360112 0.927602 15.2373
-0.48473 -0.834653 -0.261517 23.7619 0.869375 -0.426929 -0.248835 30.175 0.0960413 -0.347974 0.932572 15.2711
-0.497822 -0.827376 -0.260044 23.6509 0.861762 -0.43813 -0.255749 30.4125 0.0976672 -0.351413 0.931112 15.2944
-0.507709 -0.810789 -0.291295 23.5245 0.859678 -0.454628 -0.232953 30.6387 0.0564447 -0.368692 0.927836 15.3168
-0.502701 -0.8096 -0.30305 23.408 0.860081 -0.433173 -0.269483 30.8714 0.0869003 -0.396117 0.914079 15.3689
-0.474888 -0.829756 -0.293233 23.2983 0.874248 -0.406614 -0.265247 31.097 0.100858 -0.382321 0.918509 15.4431
-0.457434 -0.840862 -0.289319 23.204 0.884436 -0.396423 -0.246215 31.328 0.0923405 -0.368511 0.925026 15.4951
-0.477326 -0.836901 -0.267873 23.0883 0.871903 -0.413162 -0.262836 31.5649 0.109293 -0.359018 0.92691 15.5458
-0.502788 -0.816318 -0.284305 22.9519 0.8613 -0.445232 -0.244809 31.7885 0.0732605 -0.367959 0.926952 15.5845
-0.506904 -0.806966 -0.303075 22.8376 0.859406 -0.445842 -0.250292 32.0059 0.0668541 -0.387338 0.91951 15.6182
-0.487825 -0.814969 -0.312815 22.7204 0.866472 -0.408506 -0.286965 32.2309 0.106081 -0.411034 0.905427 15.685
-0.460991 -0.834117 -0.302879 22.6082 0.88148 -0.391044 -0.264721 32.4631 0.102369 -0.389015 0.915526 15.7389
-0.460259 -0.841676 -0.282389 22.4904 0.881383 -0.395079 -0.258992 32.6939 0.106422 -0.368096 0.923677 15.7596
-0.474096 -0.834071 -0.282061 22.3544 0.878159 -0.424718 -0.220117 32.927 0.063797 -0.352051 0.933804 15.7627
-0.468077 -0.829575 -0.304482 22.2417 0.882916 -0.424629 -0.200375 33.1462 0.0369342 -0.362623 0.931204 15.7834
-0.45802 -0.831533 -0.314279 22.1291 0.885555 -0.395977 -0.242887 33.3774 0.0775214 -0.389558 0.917733 15.8438
-0.419778 -0.855883 -0.302078 22.0199 0.904681 -0.367768 -0.215174 33.6127 0.0730698 -0.363609 0.928681 15.9027
-0.411469 -0.861489 -0.297541 21.9096 0.908087 -0.359593 -0.214641 33.8439 0.0779175 -0.358511 0.930268 15.9411
-0.426468 -0.864066 -0.267423 21.7832 0.899906 -0.375563 -0.221635 34.0819 0.091073 -0.335175 0.937744 15.995
-0.445906 -0.843705 -0.29888 21.6607 0.894112 -0.404338 -0.192546 34.2957 0.0416032 -0.35309 0.934664 16.0185
-0.455553 -0.834978 -0.30868 21.5354 0.888051 -0.402126 -0.222845 34.5258 0.0619423 -0.375641 0.924693 16.054
-0.429663 -0.841967 -0.326315 21.4297 0.898973 -0.3648 -0.242422 34.766 0.0850712 -0.397509 0.913646 16.1301
-0.407391 -0.858584 -0.311234 21.3368 0.909797 -0.35193 -0.220035 34.991 0.0793858 -0.372799 0.92451 16.182
-0.414045 -0.864247 -0.285734 21.2303 0.905013 -0.357209 -0.230981 35.2298 0.0975576 -0.35423 0.930056 16.2318
-0.44209 -0.844693 -0.301745 21.1077 0.8929 -0.382422 -0.237661 35.446 0.0853567 -0.374496 0.923292 16.2831
-0.447174 -0.832284 -0.327625 20.9967 0.891179 -0.383296 -0.242659 35.6722 0.0763841 -0.400483 0.913115 16.3207
-0.423985 -0.845332 -0.32504 20.9084 0.898762 -0.348478 -0.266064 35.9088 0.111643 -0.40494 0.907501 16.3985
-0.393456 -0.861314 -0.32145 20.8343 0.912614 -0.323695 -0.249714 36.14 0.111031 -0.391611 0.913407 16.4642
-0.376052 -0.870103 -0.318599 20.76 0.91916 -0.306808 -0.247011 36.387 0.117176 -0.385732 0.91514 16.5058
-0.388076 -0.871422 -0.300036 20.6611 0.91553 -0.327123 -0.234083 36.623 0.105836 -0.365534 0.924761 16.5554
-0.391153 -0.859203 -0.329801 20.5617 0.916771 -0.332299 -0.221605 36.8475 0.0808112 -0.389034 0.917672 16.5954
-0.384945 -0.863927 -0.324728 20.4624 0.918198 -0.32286 -0.229508 37.0886 0.0934364 -0.386513 0.917539 16.6339
-0.357779 -0.885384 -0.296797 20.3813 0.928636 -0.303949 -0.212719 37.3267 0.0981264 -0.351723 0.930947 16.7092
-0.375485 -0.8777 -0.297749 20.2816 0.922273 -0.322023 -0.213807 37.5571 0.091776 -0.354887 0.930394 16.75
-0.412632 -0.867469 -0.277906 20.1692 0.904825 -0.35517 -0.234831 37.792 0.105005 -0.348355 0.931463 16.8011
-0.444731 -0.84287 -0.30296 20.0659 0.893119 -0.391844 -0.220901 37.9967 0.0674774 -0.368821 0.927048 16.8538
-0.46945 -0.831317 -0.297538 19.9614 0.878605 -0.406389 -0.250801 38.2027 0.0875786 -0.379157 0.921178 16.913
-0.4771 -0.825741 -0.300879 19.8488 0.87421 -0.410771 -0.25889 38.4144 0.0901838 -0.386548 0.917849 16.9756
-0.465411 -0.836102 -0.290391 19.7519 0.881986 -0.410628 -0.23127 38.6447 0.0741223 -0.363756 0.928541 17.025
-0.486557 -0.827031 -0.28157 19.6525 0.869733 -0.42805 -0.245636 38.8679 0.0826223 -0.364407 0.927567 17.063
-0.516978 -0.805978 -0.288329 19.549 0.853477 -0.459499 -0.245839 39.0712 0.0656537 -0.373175 0.925435 17.1256
-0.523461 -0.79516 -0.306121 19.4579 0.850312 -0.464579 -0.247257 39.2883 0.0543915 -0.389727 0.919323 17.168
-0.512192 -0.800654 -0.310826 19.3626 0.855615 -0.444178 -0.265763 39.5278 0.0747223 -0.402069 0.912555 17.2086
-0.472379 -0.826332 -0.306648 19.3029 0.879613 -0.419858 -0.223606 39.7469 0.0560242 -0.375359 0.925185 17.261
-0.439793 -0.847567 -0.297005 19.2547 0.895887 -0.39083 -0.211278 39.9922 0.0629938 -0.359001 0.931209 17.3066
-0.449762 -0.84809 -0.280103 19.1793 0.888536 -0.393035 -0.2367 40.2392 0.0906529 -0.355341 0.930331 17.3734
-0.450471 -0.844775 -0.288844 19.088 0.888938 -0.394378 -0.232929 40.4768 0.0828589 -0.361692 0.928608 17.4329
-0.417179 -0.857187 -0.301981 19.0327 0.902873 -0.352935 -0.245473 40.7337 0.103837 -0.375056 0.921168 17.4876
-0.346377 -0.899659 -0.265774 18.9945 0.928726 -0.288926 -0.232356 40.9975 0.132252 -0.327314 0.935615 17.5669
-0.278438 -0.926167 -0.254337 18.9777 0.951429 -0.229759 -0.204923 41.2511 0.131357 -0.299042 0.945156 17.6181
-0.253114 -0.93479 -0.2492 18.9409 0.956768 -0.203726 -0.207584 41.5063 0.143279 -0.290969 0.945943 17.6699
-0.250512 -0.929451 -0.270859 18.8857 0.96123 -0.205492 -0.183875 41.7456 0.115244 -0.306421 0.944894 17.7184
-0.23794 -0.924699 -0.297181 18.8188 0.96559 -0.19213 -0.17528 41.9829 0.104984 -0.328661 0.938595 17.7626
-0.212147 -0.928972 -0.303323 18.7658 0.966587 -0.153771 -0.205093 42.2223 0.143883 -0.336698 0.930555 17.8452
-0.172603 -0.948196 -0.266706 18.7243 0.975224 -0.12647 -0.181504 42.4467 0.138371 -0.291426 0.946533 17.9314
-0.168259 -0.952952 -0.252134 18.6789 0.972231 -0.118227 -0.201966 42.6731 0.162655 -0.279115 0.946382 18.0069
-0.192918 -0.953664 -0.230882 18.6236 0.963902 -0.140187 -0.226364 42.9169 0.183509 -0.266217 0.946284 18.0916
-0.19387 -0.945421 -0.261904 18.5698 0.9675 -0.140076 -0.210531 43.1479 0.162354 -0.294208 0.941851 18.1645
-0.181215 -0.943616 -0.277038 18.532 0.96524 -0.116709 -0.233859 43.3992 0.18834 -0.309787 0.931966 18.2133
-0.135485 -0.960911 -0.241441 18.5149 0.976601 -0.0884416 -0.196031 43.6463 0.167015 -0.262351 0.950409 18.2687
-0.101443 -0.961842 -0.254105 18.5083 0.985057 -0.0613777 -0.160923 43.8887 0.139186 -0.266632 0.953695 18.2994
-0.109292 -0.965067 -0.23812 18.4724 0.981748 -0.0672905 -0.177882 44.1486 0.155645 -0.253215 0.954807 18.3572
-0.137503 -0.96169 -0.23716 18.4083 0.9808 -0.0987674 -0.168155 44.3913 0.138289 -0.255729 0.956807 18.4301
-0.148799 -0.953001 -0.26391 18.3417 0.978443 -0.103241 -0.178859 44.6367 0.143207 -0.284835 0.947819 18.4899
-0.130291 -0.956391 -0.261422 18.2962 0.976643 -0.078363 -0.200068 44.8951 0.170858 -0.281383 0.944262 18.5816
-0.124424 -0.961598 -0.24464 18.2537 0.978955 -0.078775 -0.188258 45.1323 0.161757 -0.262916 0.951162 18.6632
-0.135673 -0.964407 -0.226962 18.2079 0.972659 -0.0860716 -0.215699 45.3688 0.188486 -0.250021 0.949717 18.7424
-0.182905 -0.9587 -0.217805 18.1268 0.970173 -0.14016 -0.197785 45.6291 0.159089 -0.247485 0.955742 18.8074
-0.196786 -0.946187 -0.256916 18.0743 0.970819 -0.151412 -0.185971 45.8782 0.137063 -0.286016 0.948372 18.8465
-0.193667 -0.940407 -0.279513 18.0278 0.968597 -0.137999 -0.206824 46.136 0.155926 -0.31079 0.937602 18.9062
-0.165635 -0.950103 -0.264327 18.0145 0.977416 -0.122487 -0.172207 46.398 0.131238 -0.286881 0.948934 18.9727
-0.160589 -0.953481 -0.255119 17.9857 0.974656 -0.112403 -0.193422 46.6503 0.155748 -0.279714 0.947366 19.0512
-0.186108 -0.94941 -0.252951 17.9497 0.969953 -0.136473 -0.201409 46.9089 0.156699 -0.282834 0.946282 19.1448
-0.195056 -0.938028 -0.286456 17.9096 0.97035 -0.142061 -0.195548 47.1486 0.142735 -0.316106 0.937925 19.2218
-0.203347 -0.928228 -0.311516 17.8611 0.963793 -0.133714 -0.230703 47.3914 0.172491 -0.34715 0.92181 19.2971
-0.17728 -0.940114 -0.291131 17.8272 0.96824 -0.113613 -0.222718 47.6254 0.176304 -0.321368 0.930397 19.3916
-0.181834 -0.942809 -0.279371 17.7761 0.966496 -0.119014 -0.227421 47.8733 0.181166 -0.311364 0.932862 19.4522
-0.197935 -0.946402 -0.255235 17.7084 0.96171 -0.137141 -0.237291 48.1129 0.189569 -0.292431 0.937309 19.5083
-0.210392 -0.941291 -0.26402 17.6372 0.963284 -0.153528 -0.220258 48.333 0.166793 -0.300667 0.939031 19.5832
-0.225167 -0.930853 -0.287771 17.5591 0.959171 -0.159896 -0.233289 48.5697 0.171144 -0.32855 0.928851 19.6372
-0.204076 -0.933329 -0.295381 17.4931 0.960223 -0.132099 -0.24601 48.8095 0.190589 -0.333837 0.923162 19.7167
-0.183264 -0.942832 -0.278356 17.4387 0.967963 -0.123624 -0.218553 49.0427 0.171648 -0.309491 0.935282 19.7704
-0.182727 -0.948709 -0.257995 17.3921 0.963049 -0.119906 -0.241162 49.2782 0.197857 -0.292529 0.935564 19.8317
-0.225728 -0.938985 -0.259526 17.304 0.954066 -0.159208 -0.253793 49.5202 0.196989 -0.304893 0.931792 19.908
-0.241908 -0.929046 -0.279918 17.2273 0.95445 -0.17591 -0.241001 49.7571 0.17466 -0.325468 0.929282 19.9483
-0.24704 -0.917572 -0.311502 17.1557 0.949666 -0.165354 -0.26607 50.0144 0.19263 -0.361553 0.912235 20.0013
-0.204655 -0.9354 -0.288344 17.1013 0.962866 -0.139392 -0.231211 50.245 0.176082 -0.324955 0.929193 20.0589
-0.18853 -0.940932 -0.281252 17.0378 0.961835 -0.119079 -0.246361 50.4756 0.198318 -0.316964 0.927472 20.118
-0.212206 -0.946452 -0.243305 16.9359 0.95446 -0.147308 -0.259436 50.713 0.209702 -0.287279 0.93461 20.1843
-0.219997 -0.941742 -0.254408 16.8501 0.957589 -0.158737 -0.24047 50.945 0.186077 -0.296521 0.936723 20.233
-0.222213 -0.936529 -0.271174 16.7624 0.953773 -0.151081 -0.259793 51.1771 0.202334 -0.316368 0.926807 20.2737
-0.208988 -0.938037 -0.276424 16.6892 0.955616 -0.135869 -0.261416 51.4089 0.207661 -0.318788 0.924798 20.3475
-0.221333 -0.93936 -0.261944 16.6091 0.956827 -0.157291 -0.244422 51.6215 0.188399 -0.304734 0.933618 20.3859
-0.26979 -0.925914 -0.26438 16.5114 0.943738 -0.199726 -0.263567 51.86 0.191237 -0.320613 0.927704 20.4302
-0.326813 -0.904618 -0.273606 16.3907 0.931641 -0.259703 -0.254163 52.093 0.158864 -0.337966 0.927653 20.4783
-0.343054 -0.889916 -0.300604 16.2946 0.92844 -0.272692 -0.252265 52.3297 0.142522 -0.365633 0.919782 20.504
-0.334255 -0.891441 -0.30595 16.2141 0.930527 -0.2606 -0.257308 52.5788 0.149645 -0.370702 0.916617 20.5606
-0.31844 -0.905008 -0.282057 16.1382 0.93812 -0.258142 -0.230855 52.7986 0.136115 -0.338116 0.931209 20.6226
-0.341439 -0.898967 -0.274367 16.0375 0.930202 -0.281363 -0.23571 53.0336 0.134699 -0.335697 0.93229 20.6449
-0.389376 -0.87145 -0.298264 15.9179 0.914622 -0.327537 -0.237038 53.2646 0.108875 -0.365096 0.924582 20.6725
-0.412201 -0.850413 -0.326937 15.8002 0.908549 -0.356876 -0.217206 53.4802 0.0680389 -0.38657 0.919747 20.6876
-0.42904 -0.840068 -0.331979 15.6793 0.89949 -0.363679 -0.242189 53.7044 0.0827214 -0.402521 0.911666 20.7248
-0.425713 -0.848451 -0.314481 15.5625 0.901581 -0.368178 -0.227149 53.9056 0.0769397 -0.380231 0.921686 20.7805
-0.447519 -0.837972 -0.312298 15.4171 0.892413 -0.39595 -0.216387 54.1135 0.057672 -0.375536 0.925012 20.7923
-0.485388 -0.821469 -0.29931 15.2628 0.872253 -0.431587 -0.230016 54.3167 0.0597724 -0.372721 0.926016 20.8279
-0.533792 -0.780997 -0.324205 15.0753 0.84545 -0.485313 -0.222904 54.4924 0.0167468 -0.393084 0.91935 20.8479
-0.578972 -0.74176 -0.338504 14.877 0.815347 -0.527023 -0.239697 54.6735 -0.000601591 -0.414776 0.909923 20.8354
