0.999499 -0.012632 -0.0290036 0.038217 0.0113781 0.99901 -0.0429982 -0.00416245 0.0295181 0.0426467 0.998654 0.00232711
0.996442 -0.0431794 -0.0723771 0.0518362 0.0318428 0.988014 -0.151047 -0.0200449 0.0780317 0.148205 0.985873 0.0294412
0.999618 0.00470235 -0.0272262 0.185021 -0.00895111 0.987381 -0.158108 -0.0687872 0.0261392 0.158292 0.987046 -0.0204631
0.999652 0.0261083 0.00383688 0.415358 -0.0252477 0.988557 -0.14872 -0.0627328 -0.00767579 0.148571 0.988872 -0.0122036
0.999514 0.0236728 0.0203002 0.615668 -0.0187205 0.976097 -0.216526 -0.0741331 -0.0249408 0.216041 0.976066 0.0417828
0.999011 -0.0354326 -0.0268453 0.902499 0.0273715 0.966134 -0.256587 -0.0629624 0.0350276 0.255598 0.966148 0.131987
0.991889 -0.0917252 -0.0879875 1.07066 0.0670754 0.965755 -0.250634 -0.0256489 0.107964 0.242699 0.964075 0.244164
0.987563 -0.099899 -0.121407 1.33521 0.0568383 0.946809 -0.316736 0.0214159 0.146591 0.305896 0.940712 0.346179
0.991865 -0.0803181 -0.0987573 1.55061 0.0475822 0.953508 -0.297587 0.0438097 0.118067 0.290467 0.949573 0.392082
0.99337 -0.0533284 -0.10184 1.74964 0.0298013 0.975066 -0.219904 0.0552621 0.111028 0.215412 0.970191 0.447051
0.99335 -0.102329 -0.0527629 1.98263 0.0827062 0.953056 -0.291279 0.0969932 0.0800922 0.284978 0.955182 0.44136
0.989092 -0.122938 -0.081135 2.21945 0.0926105 0.947362 -0.306478 0.112049 0.114542 0.295621 0.948414 0.49385
0.985385 -0.129691 -0.110442 2.41652 0.0956264 0.957698 -0.271421 0.0915742 0.140972 0.256893 0.956103 0.583908
0.983866 -0.115466 -0.136656 2.64026 0.0733803 0.957083 -0.280369 0.0700038 0.163164 0.265818 0.950115 0.646107
0.987911 -0.0746754 -0.135849 2.85709 0.035257 0.961597 -0.272192 0.0213218 0.150958 0.264112 0.952605 0.724999
0.990483 -0.0435458 -0.130567 3.07357 0.0053762 0.960149 -0.279438 -0.0169746 0.137532 0.276077 0.951245 0.772243
0.993734 -0.0590851 -0.0948766 3.33646 0.0276502 0.952424 -0.303521 -0.0232473 0.108296 0.298995 0.948089 0.778177
0.992388 -0.0999316 -0.0719673 3.58912 0.0745282 0.95258 -0.295021 -0.0108513 0.0980365 0.287412 0.952777 0.82509
0.990375 -0.122177 -0.0650385 3.80309 0.0956088 0.943657 -0.316812 0.00643283 0.100081 0.307545 0.946256 0.87302
0.993324 -0.0946672 -0.0659154 4.06174 0.0697512 0.948034 -0.31043 -0.00318135 0.0918776 0.30376 0.948308 0.914847
0.997777 -0.0398106 -0.0534375 4.29441 0.0199496 0.943602 -0.33048 -0.0446652 0.0635804 0.32868 0.942299 0.978471
0.998031 -0.0224408 -0.0585777 4.52259 0.000942146 0.939077 -0.343704 -0.0725728 0.062722 0.342972 0.937249 1.02364
0.996166 -0.0693568 -0.0533249 4.7682 0.0470394 0.938537 -0.341959 -0.0618821 0.0737645 0.338139 0.938201 1.07798
0.99507 -0.0976946 -0.0170461 4.99081 0.0874677 0.945586 -0.313394 -0.0341581 0.0467355 0.310358 0.94947 1.11248
0.995044 -0.0991586 -0.00746202 5.21951 0.0921615 0.9478 -0.305255 -0.022195 0.0373412 0.303055 0.952241 1.13239
0.99787 -0.0644601 -0.0100335 5.44614 0.0581099 0.948186 -0.312357 -0.0564012 0.0296482 0.311108 0.949912 1.19131
0.998332 -0.0383289 -0.0431796 5.67282 0.022086 0.944503 -0.327761 -0.0916504 0.053346 0.32626 0.943774 1.27161
0.995362 -0.0702487 -0.065721 5.92261 0.0430101 0.936074 -0.349164 -0.0954196 0.0860481 0.344718 0.934754 1.344
0.98845 -0.114988 -0.098709 6.17045 0.0816516 0.952827 -0.292325 -0.0773666 0.127667 0.280889 0.951211 1.45192
0.982623 -0.148059 -0.111941 6.39862 0.112779 0.955246 -0.273471 -0.0455547 0.147421 0.256094 0.955344 1.54688
0.982415 -0.146795 -0.115378 6.6331 0.109603 0.953685 -0.280128 -0.00616347 0.151156 0.262556 0.953004 1.59854
0.989504 -0.110536 -0.0930819 6.86296 0.0772529 0.948987 -0.305705 -0.0102626 0.122125 0.295305 0.947566 1.64442
0.992495 -0.0968009 -0.0747223 7.08317 0.0648217 0.934596 -0.349755 -0.0212466 0.103692 0.342286 0.933857 1.66313
0.987563 -0.14547 -0.0596391 7.31146 0.111552 0.915637 -0.386219 0.00583144 0.110791 0.374763 0.920477 1.71092
0.984129 -0.172645 -0.0410406 7.5295 0.148533 0.927947 -0.341836 0.0551032 0.0970997 0.330315 0.938863 1.76486
0.985119 -0.168367 -0.0345319 7.77203 0.149197 0.937459 -0.3145 0.104979 0.0853236 0.304668 0.948629 1.80086
0.991347 -0.126419 -0.0353589 7.99631 0.111624 0.953567 -0.279732 0.123886 0.0690805 0.273364 0.959427 1.8623
0.995179 -0.0891697 -0.0408359 8.22032 0.0735329 0.953908 -0.290953 0.116154 0.0648978 0.286547 0.955866 1.91885
0.990646 -0.104309 -0.0879759 8.47109 0.0726604 0.94895 -0.306942 0.105212 0.115502 0.297679 0.947653 2.00612
0.98258 -0.14479 -0.1165 8.6961 0.10968 0.957873 -0.265425 0.119719 0.150023 0.248024 0.957067 2.11459
0.979046 -0.170463 -0.11141 8.90696 0.143119 0.965161 -0.219045 0.15354 0.144868 0.19851 0.969333 2.17026
0.981944 -0.163652 -0.094891 9.1382 0.139649 0.965462 -0.219958 0.182715 0.12761 0.202735 0.970883 2.20037
0.989803 -0.129511 -0.0592987 9.35515 0.111058 0.962358 -0.248058 0.180713 0.0891926 0.238943 0.966929 2.23723
0.992284 -0.109945 -0.0573143 9.56886 0.0912795 0.960625 -0.262428 0.158104 0.0839102 0.255172 0.963248 2.26776
0.986722 -0.142968 -0.0770652 9.81186 0.116095 0.952681 -0.280928 0.141336 0.113582 0.268251 0.95663 2.3364
0.982237 -0.16737 -0.0848345 10.0398 0.138548 0.951798 -0.273651 0.13192 0.126546 0.257037 0.95808 2.41617
0.979583 -0.174496 -0.0998376 10.2586 0.143133 0.954078 -0.263152 0.130147 0.141172 0.243489 0.959575 2.46543
0.984814 -0.142692 -0.0988961 10.4959 0.113396 0.960015 -0.255955 0.0874421 0.131464 0.240854 0.961617 2.52591
0.990528 -0.0959349 -0.0982364 10.7292 0.0666263 0.961376 -0.267052 0.0319193 0.120062 0.257977 0.958662 2.5734
0.987066 -0.105161 -0.121006 10.9748 0.0667438 0.955833 -0.28623 -0.00994121 0.145762 0.274452 0.950489 2.62669
0.982786 -0.137358 -0.123549 11.2014 0.101786 0.960669 -0.258369 -0.0254233 0.154179 0.241346 0.958113 2.68034
0.980965 -0.157082 -0.114158 11.4176 0.124604 0.960097 -0.250374 -0.0273476 0.148932 0.231383 0.961395 2.72767
0.977828 -0.159504 -0.135687 11.6463 0.119259 0.95677 -0.265271 -0.0194583 0.172133 0.243207 0.954579 2.77415
0.98301 -0.1469 -0.110055 11.8742 0.111309 0.953834 -0.278947 -0.027079 0.145952 0.261958 0.953979 2.84254
0.98265 -0.144585 -0.116164 12.1097 0.107122 0.953735 -0.280917 -0.0340938 0.151407 0.263599 0.952676 2.89826
0.973786 -0.185209 -0.132052 12.3533 0.13813 0.94273 -0.303612 -0.0167807 0.180721 0.277413 0.9436 2.96754
0.96781 -0.213452 -0.133349 12.5702 0.17089 0.946293 -0.274456 -0.00105976 0.18477 0.242833 0.952309 3.04636
0.964659 -0.222139 -0.14173 12.7879 0.181822 0.950454 -0.252147 0.0223495 0.190719 0.217466 0.957254 3.09581
0.971158 -0.196871 -0.134516 13.0263 0.159874 0.956197 -0.245208 0.0284573 0.176898 0.21663 0.960093 3.16679
0.977246 -0.171408 -0.124934 13.258 0.1328 0.953733 -0.269734 0.0276714 0.165389 0.247006 0.954796 3.22503
0.975015 -0.174405 -0.137582 13.5117 0.126354 0.944817 -0.302252 0.032426 0.182704 0.277316 0.943247 3.27363
0.968626 -0.196946 -0.15158 13.7539 0.146282 0.944886 -0.292904 0.0454538 0.200912 0.261541 0.94405 3.35737
0.963773 -0.216878 -0.155258 13.9579 0.169864 0.947866 -0.269622 0.076985 0.205639 0.233482 0.950368 3.44034
0.957076 -0.225336 -0.182291 14.1756 0.174007 0.949699 -0.260373 0.136346 0.231792 0.217477 0.948144 3.50507
0.960162 -0.221358 -0.170557 14.388 0.171284 0.948441 -0.266685 0.183423 0.220796 0.226847 0.948572 3.5825
0.956103 -0.242669 -0.164252 14.6133 0.190121 0.940251 -0.282458 0.247636 0.222982 0.238831 0.945113 3.65116
0.933469 -0.305297 -0.188226 14.8469 0.242184 0.923638 -0.297052 0.337374 0.264541 0.231704 0.936126 3.74454
0.912564 -0.355463 -0.202172 15.052 0.297296 0.91615 -0.268857 0.429252 0.280789 0.185244 0.941723 3.84003
0.898984 -0.378793 -0.21987 15.2445 0.3243 0.913102 -0.24713 0.517508 0.294375 0.150862 0.943708 3.9115
0.914478 -0.351775 -0.199963 15.4749 0.295122 0.917929 -0.265158 0.573915 0.276828 0.183468 0.943242 3.98045
0.940062 -0.291357 -0.177186 15.717 0.237664 0.932406 -0.272278 0.577774 0.244539 0.213847 0.945764 4.03712
0.949719 -0.252926 -0.184561 15.9671 0.1914 0.935473 -0.297079 0.574727 0.247791 0.246816 0.936847 4.08908
0.954867 -0.232732 -0.184568 16.1948 0.172214 0.940038 -0.294398 0.564914 0.242017 0.249326 0.937691 4.16455
0.957353 -0.217285 -0.190427 16.4356 0.158089 0.945633 -0.284229 0.572777 0.241833 0.242003 0.939655 4.23414
0.962089 -0.188655 -0.196962 16.6878 0.124984 0.946847 -0.296411 0.570805 0.242412 0.260557 0.93453 4.2891
0.975191 -0.129314 -0.179668 16.9334 0.0753952 0.957134 -0.279662 0.538237 0.20813 0.259177 0.943138 4.34883
0.981001 -0.0750013 -0.178919 17.1806 0.0222938 0.95972 -0.280071 0.490299 0.192718 0.270761 0.943159 4.37629
0.977529 -0.092952 -0.189201 17.4235 0.0332036 0.954223 -0.297247 0.456706 0.20817 0.284286 0.935867 4.4326
0.980616 -0.107623 -0.163736 17.6663 0.059394 0.959599 -0.27503 0.443021 0.186721 0.259974 0.947391 4.47456
0.980457 -0.111405 -0.162149 17.9024 0.0661609 0.962924 -0.261533 0.435669 0.185273 0.245694 0.951477 4.49324
0.984267 -0.0819707 -0.156521 18.1504 0.0358109 0.960035 -0.27758 0.402428 0.17302 0.267608 0.947866 4.53912
0.987813 -0.0417972 -0.149929 18.3902 -0.00128871 0.961039 -0.276409 0.340667 0.155641 0.273233 0.949273 4.5891
0.983363 -0.0403834 -0.177105 18.6368 -0.0117208 0.958838 -0.283713 0.28969 0.181272 0.281068 0.942412 4.63768
0.97963 -0.0760409 -0.185859 18.8874 0.023244 0.96225 -0.271173 0.260567 0.199463 0.261329 0.944416 4.71111
0.978814 -0.100258 -0.178527 19.1214 0.0552027 0.968847 -0.241431 0.251457 0.197171 0.22646 0.953855 4.75586
0.978052 -0.102804 -0.181234 19.3682 0.0612324 0.973213 -0.221601 0.248972 0.199161 0.205639 0.958148 4.77825
0.984882 -0.0897674 -0.148151 19.6024 0.0540131 0.971754 -0.229733 0.216183 0.164589 0.218258 0.961912 4.81957
0.987067 -0.084736 -0.136086 19.8375 0.0485595 0.967045 -0.249931 0.179194 0.15278 0.24009 0.958653 4.84827
0.981159 -0.120236 -0.15123 20.0892 0.0785432 0.963384 -0.256365 0.162897 0.176517 0.239656 0.954676 4.90194
0.981722 -0.143049 -0.125537 20.3453 0.109092 0.963437 -0.244719 0.17221 0.155954 0.226551 0.961433 4.93977
0.982363 -0.142444 -0.121131 20.6168 0.114164 0.969968 -0.214777 0.186333 0.148087 0.197161 0.969122 4.96785
0.98887 -0.119713 -0.0883511 20.8756 0.0963912 0.96781 -0.232492 0.194662 0.113339 0.221388 0.968577 5.00725
0.991811 -0.107506 -0.068939 21.1199 0.0877379 0.965829 -0.24388 0.184469 0.0928017 0.235834 0.967352 5.0511
0.987666 -0.131835 -0.0844723 21.4032 0.107695 0.9636 -0.244696 0.189859 0.113657 0.232581 0.965913 5.10049
0.981907 -0.167625 -0.0880976 21.6349 0.143638 0.962451 -0.230339 0.207498 0.1234 0.213517 0.969114 5.19623
0.974482 -0.203636 -0.0944285 21.8481 0.181631 0.962537 -0.201325 0.252714 0.131888 0.179037 0.974962 5.27585
0.9705 -0.209489 -0.119347 22.0891 0.184944 0.964418 -0.188926 0.308503 0.154679 0.16128 0.974712 5.34993
0.974857 -0.202129 -0.0937996 22.3239 0.178016 0.959625 -0.217785 0.345208 0.134033 0.195612 0.971479 5.43262
0.971911 -0.216027 -0.0933903 22.5646 0.188991 0.952871 -0.237317 0.401783 0.140256 0.213001 0.966933 5.48875
0.958565 -0.270454 -0.0894888 22.8073 0.241937 0.938722 -0.245493 0.481244 0.1504 0.21367 0.965259 5.57009
0.947058 -0.30731 -0.0929586 23.0279 0.283838 0.936716 -0.204939 0.553373 0.150056 0.167704 0.97435 5.6473
0.939954 -0.325035 -0.104109 23.2618 0.301264 0.9335 -0.194469 0.627149 0.160394 0.151427 0.975368 5.7107
0.945277 -0.307976 -0.107714 23.5115 0.283274 0.938502 -0.197406 0.692025 0.161886 0.15609 0.974386 5.80535
0.947313 -0.304996 -0.0978522 23.7357 0.278886 0.935633 -0.216366 0.748957 0.157544 0.177676 0.971396 5.88588
0.932828 -0.339364 -0.121099 23.9641 0.306216 0.92377 -0.229956 0.833695 0.189906 0.177427 0.965637 5.96615
0.918621 -0.375829 -0.122015 24.1745 0.347784 0.915595 -0.201824 0.910105 0.187568 0.142965 0.971792 6.05439
0.904044 -0.39707 -0.158238 24.3755 0.362666 0.908481 -0.207691 0.983877 0.226224 0.130375 0.965311 6.15935
0.905216 -0.378972 -0.19226 24.5953 0.335282 0.914904 -0.224803 1.04453 0.261094 0.139034 0.955248 6.28069
0.909748 -0.367664 -0.192828 24.8106 0.316977 0.915081 -0.249304 1.07254 0.268114 0.165682 0.949034 6.38852
0.893305 -0.389472 -0.224317 25.0179 0.320726 0.902031 -0.28892 1.12093 0.314867 0.18615 0.930702 6.50196
0.866904 -0.431823 -0.249011 25.238 0.353999 0.885023 -0.302354 1.18087 0.350944 0.173962 0.920095 6.6115
0.856408 -0.459343 -0.235731 25.4577 0.386343 0.873028 -0.297593 1.25953 0.342497 0.163788 0.925132 6.67567
0.844686 -0.471925 -0.25257 25.6946 0.399596 0.869926 -0.289054 1.35066 0.356129 0.143234 0.923394 6.72878
0.849701 -0.463162 -0.251971 25.91 0.388238 0.87294 -0.295375 1.42212 0.356762 0.153156 0.921555 6.81774
0.824357 -0.491515 -0.2808 26.0924 0.414703 0.862025 -0.291435 1.53299 0.385301 0.123798 0.914449 6.89736
0.765399 -0.572731 -0.293501 26.2609 0.501306 0.816586 -0.286147 1.70862 0.403554 0.0718828 0.912128 6.98331
0.74374 -0.627102 -0.231505 26.4287 0.579884 0.777538 -0.243245 1.88829 0.332543 0.0466646 0.941933 7.03095
0.688241 -0.681741 -0.2481 26.572 0.652288 0.731187 -0.199712 2.11416 0.31756 -0.0243827 0.947925 7.06425
0.660915 -0.716897 -0.221924 26.7171 0.689809 0.696794 -0.196574 2.32984 0.295558 -0.0231662 0.955044 7.13388
0.589653 -0.778325 -0.215685 26.8093 0.748409 0.62695 -0.216373 2.53513 0.303632 -0.0338354 0.952188 7.22454
0.487234 -0.84144 -0.233626 26.8728 0.809655 0.535513 -0.240176 2.75463 0.327203 -0.072134 0.942197 7.31779
0.382312 -0.886958 -0.25912 26.9259 0.874984 0.437642 -0.207057 2.95527 0.297053 -0.147565 0.94339 7.39636
0.321725 -0.898711 -0.298012 27.0115 0.899621 0.388296 -0.199773 3.14651 0.295255 -0.203826 0.933423 7.49398
0.297839 -0.90713 -0.297334 27.0951 0.903671 0.36831 -0.218465 3.34506 0.307687 -0.203625 0.929444 7.58581
0.3087 -0.917876 -0.249417 27.2062 0.908164 0.36238 -0.209568 3.5455 0.282741 -0.161818 0.945448 7.66621
0.293823 -0.92629 -0.235914 27.2918 0.914444 0.344259 -0.212784 3.75743 0.278316 -0.15321 0.948192 7.73628
0.256444 -0.94221 -0.215585 27.371 0.924197 0.304336 -0.230736 3.9634 0.283012 -0.140072 0.948833 7.8215
0.245521 -0.943141 -0.224064 27.4572 0.937333 0.289924 -0.193264 4.15516 0.247237 -0.162572 0.955219 7.90647
0.240838 -0.93994 -0.241888 27.5384 0.933288 0.292688 -0.208102 4.36265 0.266401 -0.175632 0.947726 7.98961
0.257239 -0.931427 -0.257431 27.618 0.929866 0.311089 -0.196398 4.59102 0.263015 -0.188856 0.946127 8.08566
0.247296 -0.939225 -0.23812 27.663 0.933038 0.297107 -0.202897 4.80129 0.261313 -0.171999 0.949806 8.17953
0.174173 -0.955766 -0.237014 27.6896 0.946111 0.229158 -0.228823 5.04413 0.273015 -0.184387 0.944174 8.25601
0.0838964 -0.964713 -0.249581 27.6796 0.968121 0.138234 -0.208886 5.287 0.236015 -0.2241 0.945556 8.31401
0.0286005 -0.957824 -0.28593 27.6637 0.972251 0.0930988 -0.214617 5.52041 0.232185 -0.271858 0.933908 8.38205
0.0182544 -0.953274 -0.301555 27.6739 0.967977 0.092377 -0.233426 5.7735 0.250376 -0.287637 0.924433 8.4638
0.0353745 -0.964255 -0.262603 27.7055 0.974507 0.0915344 -0.204833 6.01115 0.221549 -0.248663 0.942912 8.531
0.0203183 -0.971101 -0.237803 27.7225 0.975294 0.0715838 -0.208992 6.26529 0.219975 -0.227681 0.948563 8.57555
-0.0534368 -0.971261 -0.231939 27.7087 0.974761 -0.000316181 -0.223252 6.52492 0.216763 -0.238015 0.946764 8.65719
-0.0853242 -0.963102 -0.255254 27.6997 0.97766 -0.0315369 -0.207812 6.74351 0.192094 -0.267283 0.944277 8.75552
-0.0921872 -0.957715 -0.272551 27.6938 0.968222 -0.0223105 -0.249093 6.97706 0.23248 -0.286853 0.929338 8.83924
-0.0538665 -0.966768 -0.249918 27.7211 0.971911 0.00666181 -0.235253 7.20827 0.2291 -0.25557 0.939253 8.9262
-0.0542955 -0.967511 -0.24693 27.7453 0.97245 0.00490976 -0.233062 7.43099 0.226702 -0.252781 0.940589 9.00556
-0.0649984 -0.972828 -0.222219 27.7561 0.96671 -0.00615789 -0.255802 7.66836 0.247482 -0.231448 0.940842 9.08346
-0.103976 -0.96416 -0.244098 27.7364 0.972493 -0.0471223 -0.228116 7.89537 0.208438 -0.261102 0.942539 9.15201
-0.128816 -0.95699 -0.259954 27.7104 0.968117 -0.0645681 -0.242034 8.1271 0.214839 -0.282843 0.934796 9.21082
-0.116759 -0.963893 -0.239328 27.6904 0.963211 -0.0511694 -0.263831 8.36689 0.242058 -0.261328 0.934406 9.28088
-0.105886 -0.967794 -0.22839 27.6754 0.965712 -0.0453332 -0.255625 8.58796 0.237039 -0.247626 0.939411 9.36946
-0.105298 -0.970618 -0.216364 27.6823 0.965533 -0.0477097 -0.255869 8.81739 0.238028 -0.235849 0.942188 9.43331
-0.126963 -0.961836 -0.242388 27.6763 0.960141 -0.0578238 -0.273468 9.04336 0.249016 -0.267447 0.93084 9.52065
-0.10955 -0.956905 -0.268947 27.6878 0.966427 -0.0392728 -0.253921 9.26264 0.232416 -0.287735 0.929081 9.58668
-0.081105 -0.953784 -0.289341 27.7093 0.960213 0.00306303 -0.279253 9.49116 0.267234 -0.300478 0.915587 9.67568
0.000360654 -0.961603 -0.274443 27.7609 0.966574 0.0706984 -0.246446 9.73162 0.256386 -0.26518 0.929487 9.76921
0.0264256 -0.96846 -0.247765 27.7851 0.962294 0.0917676 -0.256065 9.95552 0.270726 -0.231656 0.934368 9.83992
0.0116209 -0.974934 -0.222192 27.7767 0.954973 0.0767018 -0.286606 10.2025 0.296464 -0.208857 0.931927 9.93863
0.00809298 -0.971195 -0.238149 27.7625 0.964518 0.0704317 -0.25445 10.4515 0.263894 -0.22764 0.937305 10.019
0.0230945 -0.964965 -0.26136 27.7588 0.95787 0.0962182 -0.270606 10.6975 0.286273 -0.2441 0.926533 10.0858
0.0764171 -0.965856 -0.247551 27.7603 0.955754 0.141691 -0.257795 10.9493 0.284068 -0.216898 0.933949 10.1625
0.100043 -0.968644 -0.227419 27.759 0.957358 0.155972 -0.243184 11.1889 0.271029 -0.193393 0.942943 10.2258
0.10573 -0.968418 -0.225804 27.7643 0.946139 0.167851 -0.276853 11.4391 0.306011 -0.18437 0.934005 10.3076
0.0910052 -0.97552 -0.200197 27.761 0.956505 0.141574 -0.255057 11.7006 0.277156 -0.168278 0.945974 10.3804
0.105446 -0.970207 -0.218129 27.7815 0.958833 0.157356 -0.236386 11.9464 0.263667 -0.184223 0.946859 10.4472
0.118953 -0.96273 -0.242901 27.8111 0.946843 0.183632 -0.264134 12.1985 0.298895 -0.198569 0.933398 10.527
0.15207 -0.962353 -0.225279 27.8501 0.948434 0.20622 -0.240718 12.4391 0.278113 -0.177056 0.944089 10.6033
0.153357 -0.9669 -0.203925 27.8857 0.943059 0.204847 -0.262064 12.6851 0.295163 -0.152124 0.943259 10.6888
0.110545 -0.969908 -0.21693 27.8991 0.946794 0.16915 -0.273806 12.9394 0.302261 -0.17512 0.937001 10.7821
0.100484 -0.964768 -0.243157 27.9185 0.957704 0.160024 -0.239155 13.1807 0.26964 -0.208841 0.940042 10.8523
0.104032 -0.959322 -0.262448 27.9442 0.950716 0.173417 -0.257032 13.4331 0.292089 -0.222774 0.930084 10.9375
0.149473 -0.958597 -0.242383 27.9898 0.944287 0.211091 -0.252514 13.6668 0.293224 -0.191135 0.936743 11.0457
0.169947 -0.960889 -0.218654 28.0441 0.940247 0.224542 -0.255964 13.9003 0.29505 -0.162088 0.941633 11.1269
0.168214 -0.9665 -0.19386 28.0989 0.931863 0.220045 -0.288464 14.1323 0.321458 -0.132127 0.93766 11.2177
0.173362 -0.964457 -0.199422 28.1446 0.93878 0.22304 -0.262573 14.3587 0.29772 -0.141693 0.94408 11.3081
0.191199 -0.957525 -0.215845 28.2047 0.931862 0.246156 -0.266533 14.6016 0.308343 -0.150177 0.939346 11.3916
0.246446 -0.94553 -0.21269 28.2769 0.916712 0.298641 -0.26543 14.8212 0.314491 -0.129561 0.940377 11.4837
0.285262 -0.942982 -0.171496 28.3534 0.912262 0.322009 -0.253156 15.034 0.293944 -0.0842335 0.952104 11.5674
0.313795 -0.935175 -0.164259 28.4471 0.889105 0.350118 -0.294804 15.2523 0.333203 -0.0535358 0.941334 11.661
0.313791 -0.934971 -0.165421 28.5159 0.89232 0.349928 -0.285159 15.4704 0.324501 -0.0581283 0.944098 11.7509
0.359093 -0.917608 -0.170434 28.6085 0.882941 0.39318 -0.256564 15.6814 0.302436 -0.0583534 0.951382 11.8162
0.436609 -0.877408 -0.198816 28.7421 0.832701 0.477782 -0.279881 15.8899 0.340561 -0.0433555 0.939222 11.9208
0.509458 -0.846594 -0.154048 28.868 0.804139 0.532123 -0.264963 16.0727 0.306289 0.0111119 0.951874 12.0079
0.537125 -0.83456 -0.1225 28.9805 0.783335 0.547389 -0.294535 16.2575 0.312862 0.0622437 0.947757 12.0898
0.527405 -0.839707 -0.129367 29.0843 0.78317 0.53952 -0.309133 16.451 0.329377 0.0617221 0.942179 12.1946
0.512749 -0.843977 -0.157453 29.1786 0.797571 0.536135 -0.276476 16.6649 0.317755 0.0161826 0.948035 12.2902
0.531177 -0.828182 -0.178789 29.3022 0.78107 0.56042 -0.275425 16.8744 0.328299 0.00665275 0.94455 12.356
0.579181 -0.783028 -0.226751 29.4433 0.7298 0.621985 -0.283773 17.0458 0.363238 -0.00112643 0.931696 12.4661
0.597285 -0.772011 -0.217368 29.5782 0.720509 0.635544 -0.277399 17.199 0.352303 0.00907063 0.935842 12.5479
0.594148 -0.781533 -0.19025 29.7092 0.725146 0.622791 -0.29376 17.3866 0.348069 0.0365782 0.936755 12.6037
0.53541 -0.817192 -0.213386 29.8049 0.759705 0.576365 -0.301085 17.5998 0.369033 -0.000906496 0.929416 12.7215
0.506773 -0.83469 -0.21558 29.8984 0.794595 0.549253 -0.258727 17.8043 0.334365 -0.0401828 0.941587 12.7955
0.496064 -0.831011 -0.251678 30.0075 0.792853 0.551691 -0.258884 18.0091 0.353984 -0.0711208 0.932544 12.8659
0.497567 -0.837545 -0.225709 30.1096 0.795736 0.544303 -0.265591 18.2094 0.345299 -0.0474552 0.937292 12.9624
0.46181 -0.86589 -0.192264 30.1801 0.822542 0.499189 -0.27246 18.4261 0.331896 -0.0323205 0.942762 13.017
0.394128 -0.901445 -0.179055 30.2304 0.855768 0.431001 -0.28618 18.6693 0.335148 -0.0404385 0.941297 13.071
0.319799 -0.933944 -0.159616 30.2413 0.887358 0.354281 -0.295093 18.9057 0.33215 -0.0472662 0.942042 13.1648
0.296707 -0.940326 -0.166587 30.2753 0.902217 0.333195 -0.273836 19.1447 0.313001 -0.0690487 0.947239 13.2207
0.305491 -0.934848 -0.18093 30.3308 0.897464 0.346178 -0.273348 19.3746 0.318172 -0.0788726 0.944746 13.2866
0.304136 -0.941636 -0.144304 30.365 0.908322 0.332304 -0.254018 19.5941 0.287145 -0.0538182 0.956374 13.3516
0.277165 -0.951508 -0.133459 30.3939 0.919524 0.302966 -0.250373 19.8397 0.278665 -0.0533238 0.958907 13.4093
0.210705 -0.965137 -0.155285 30.4169 0.92212 0.248964 -0.296161 20.088 0.324496 -0.0807893 0.942431 13.5263
0.166521 -0.970541 -0.174131 30.4386 0.938382 0.210219 -0.274311 20.3038 0.302835 -0.117723 0.945744 13.6225
0.144046 -0.966658 -0.211715 30.4823 0.941067 0.199974 -0.272769 20.5457 0.306012 -0.159947 0.938495 13.7018
0.155555 -0.966444 -0.204423 30.5432 0.941799 0.20753 -0.264475 20.7728 0.298024 -0.151385 0.942478 13.7855
0.159304 -0.969562 -0.185933 30.6076 0.952637 0.200391 -0.22875 20.9879 0.259046 -0.140686 0.955564 13.8484
0.122332 -0.972449 -0.198438 30.6604 0.955326 0.169574 -0.242067 21.2226 0.269048 -0.15996 0.949751 13.9332
0.049357 -0.974974 -0.216772 30.6864 0.962663 0.104276 -0.249812 21.4493 0.266164 -0.196348 0.943718 14.0381
0.00975767 -0.97222 -0.233865 30.7064 0.971469 0.0646404 -0.228189 21.6573 0.236967 -0.224966 0.945112 14.1271
-0.00820143 -0.971258 -0.237888 30.7404 0.967534 0.0523891 -0.247253 21.8695 0.252609 -0.232193 0.939295 14.2129
0.000810417 -0.974427 -0.224702 30.7717 0.971965 0.0535999 -0.228933 22.1016 0.235122 -0.218217 0.947153 14.3118
-0.00995381 -0.975523 -0.219671 30.7909 0.969846 0.04408 -0.239698 22.2959 0.243514 -0.215433 0.945669 14.4112
-0.049761 -0.977134 -0.20672 30.7864 0.965183 0.00617056 -0.261503 22.5041 0.256799 -0.212535 0.942806 14.5127
-0.109405 -0.965542 -0.236135 30.7575 0.959791 -0.0408303 -0.277731 22.7041 0.25852 -0.257026 0.931185 14.6324
-0.127461 -0.955328 -0.266648 30.7426 0.959151 -0.0502676 -0.278393 22.9256 0.252553 -0.29124 0.922711 14.7042
-0.112211 -0.954264 -0.277108 30.7461 0.958301 -0.0301681 -0.284163 23.1583 0.262806 -0.297439 0.917858 14.7768
-0.077786 -0.963799 -0.255031 30.7513 0.967079 -0.010774 -0.254248 23.3834 0.242296 -0.266413 0.932908 14.8487
-0.0835838 -0.970361 -0.226746 30.7474 0.967299 -0.0243247 -0.252471 23.5868 0.239473 -0.240433 0.940662 14.9201
-0.0873743 -0.975964 -0.199648 30.7482 0.968193 -0.0360287 -0.247598 23.7909 0.234454 -0.214931 0.94807 14.9868
-0.0731979 -0.970712 -0.228825 30.7532 0.977655 -0.0245047 -0.208785 23.9901 0.197062 -0.238995 0.950814 15.0368
-0.0601441 -0.966792 -0.248386 30.7301 0.967042 0.0052417 -0.254562 24.2614 0.24741 -0.25551 0.934614 15.15
-0.0646931 -0.971004 -0.230142 30.6629 0.962755 -6.05322e-05 -0.270376 24.5063 0.262522 -0.239062 0.934843 15.2886
-0.158512 -0.964578 -0.210865 30.5585 0.960389 -0.101052 -0.259695 24.6859 0.229187 -0.243677 0.942388 15.3003
-0.340794 -0.908723 -0.241002 30.4008 0.925195 -0.278647 -0.257623 24.824 0.166954 -0.310771 0.935707 15.2964
-0.477866 -0.824491 -0.303081 30.2544 0.876557 -0.425029 -0.225827 24.9141 0.0573738 -0.373583 0.925821 15.2473
-0.590797 -0.740752 -0.319758 30.0897 0.806773 -0.538111 -0.244035 24.9926 0.00870426 -0.402147 0.915534 15.2189
-0.684305 -0.651452 -0.327624 29.9016 0.72892 -0.623492 -0.282727 25.0561 -0.0200877 -0.432283 0.901514 15.2067
-0.783763 -0.544533 -0.298661 29.615 0.618758 -0.726005 -0.300092 25.0999 -0.0534193 -0.42 0.90595 15.2206
-0.844936 -0.451984 -0.285997 29.4129 0.526385 -0.79753 -0.294728 25.1391 -0.0948789 -0.399571 0.911779 15.178
-0.894821 -0.341335 -0.287725 29.1966 0.420022 -0.862074 -0.283566 25.1806 -0.15125 -0.374592 0.91477 15.121
-0.902809 -0.28596 -0.321189 28.9994 0.378683 -0.882589 -0.278632 25.2378 -0.2038 -0.37318 0.905098 15.0395
-0.91214 -0.26978 -0.308576 28.7914 0.360799 -0.8857 -0.292164 25.2706 -0.194486 -0.377828 0.905219 14.9904
-0.892779 -0.305194 -0.331364 28.5934 0.395433 -0.883287 -0.251868 25.3196 -0.215821 -0.355895 0.909264 14.9488
-0.884793 -0.312179 -0.345957 28.3886 0.398557 -0.891654 -0.21472 25.3538 -0.241443 -0.327866 0.91335 14.8939
-0.896474 -0.30599 -0.320475 28.1668 0.38482 -0.896198 -0.220776 25.4085 -0.219654 -0.321246 0.92117 14.8431
-0.903905 -0.280277 -0.323112 27.9491 0.368899 -0.893164 -0.257239 25.4776 -0.216494 -0.351715 0.910729 14.8324
-0.895537 -0.291963 -0.335814 27.7548 0.391401 -0.875852 -0.282292 25.5473 -0.211704 -0.384241 0.898632 14.7991
-0.882538 -0.354962 -0.308431 27.5692 0.443393 -0.846604 -0.294389 25.6433 -0.156621 -0.396566 0.904547 14.7849
-0.855924 -0.412985 -0.311187 27.3846 0.497514 -0.821755 -0.277844 25.7569 -0.140974 -0.392634 0.908826 14.7762
-0.835876 -0.430699 -0.34031 27.2093 0.52142 -0.816764 -0.247019 25.874 -0.171562 -0.383922 0.907288 14.7098
-0.839245 -0.43426 -0.327239 27.01 0.52111 -0.814201 -0.255971 25.9909 -0.15528 -0.38535 0.909612 14.6748
-0.845603 -0.422219 -0.326629 26.8068 0.514853 -0.806701 -0.290103 26.1083 -0.141005 -0.413478 0.89953 14.6831
-0.838312 -0.422625 -0.344415 26.6195 0.524048 -0.798871 -0.295261 26.2141 -0.150358 -0.42801 0.891179 14.6843
-0.838844 -0.449775 -0.306663 26.4273 0.535346 -0.783741 -0.314888 26.3465 -0.0987151 -0.428313 0.898222 14.6737
-0.812784 -0.513928 -0.274336 26.2509 0.581132 -0.748268 -0.31997 26.518 -0.0408351 -0.419492 0.90684 14.7109
-0.776883 -0.569314 -0.268949 26.1025 0.628152 -0.730175 -0.26883 26.686 -0.0433305 -0.37779 0.924877 14.7348
-0.74969 -0.607564 -0.262359 25.9631 0.660561 -0.711132 -0.240731 26.8798 -0.0403121 -0.353777 0.934461 14.7277
-0.730689 -0.622189 -0.281022 25.8235 0.681049 -0.692996 -0.236495 27.0674 -0.0476026 -0.364194 0.930106 14.7535
-0.697717 -0.649587 -0.302038 25.6895 0.714115 -0.664128 -0.221301 27.2615 -0.056838 -0.370096 0.927253 14.7727
-0.66151 -0.686131 -0.302701 25.5506 0.749269 -0.621707 -0.2282 27.467 -0.0316165 -0.377762 0.925363 14.7888
-0.597704 -0.749516 -0.284563 25.415 0.801697 -0.561297 -0.205496 27.6924 -0.00570212 -0.350959 0.936374 14.8283
-0.559361 -0.782529 -0.273431 25.2888 0.828923 -0.527435 -0.186278 27.8997 0.00155095 -0.33085 0.943682 14.8396
-0.563785 -0.786425 -0.252354 25.134 0.825759 -0.530651 -0.191133 28.0994 0.0163999 -0.316141 0.94857 14.8653
-0.564752 -0.778966 -0.272519 24.9692 0.825261 -0.532868 -0.187074 28.2857 0.000507345 -0.33055 0.943788 14.8964
-0.57486 -0.768482 -0.281017 24.7978 0.81786 -0.529011 -0.22639 28.4734 0.0253153 -0.359975 0.932618 14.9281
-0.554471 -0.785241 -0.275605 24.6436 0.829662 -0.495725 -0.256744 28.675 0.0649815 -0.371017 0.92635 14.9939
-0.526125 -0.807572 -0.266496 24.5151 0.848715 -0.47887 -0.224425 28.87 0.0536225 -0.344255 0.937344 15.0284
-0.523036 -0.814892 -0.249767 24.3893 0.849088 -0.472726 -0.235752 29.0926 0.0740415 -0.335381 0.939169 15.0604
-0.546731 -0.788485 -0.28174 24.2404 0.836157 -0.496503 -0.233079 29.3045 0.0438943 -0.36301 0.930751 15.092
-0.545308 -0.782776 -0.299834 24.1095 0.837268 -0.491461 -0.239684 29.5123 0.0402621 -0.381743 0.923391 15.1254
-0.533033 -0.793133 -0.294645 23.9869 0.841172 -0.459252 -0.285512 29.731 0.0911327 -0.400034 0.911958 15.1796
-0.500316 -0.824087 -0.26564 23.8841 0.860061 -0.437611 -0.262282 29.9469 0.0998963 -0.35969 0.927709 15.2442
-0.48342 -0.835488 -0.261276 23.7848 0.870047 -0.425648 -0.248682 30.1819 0.0965597 -0.34754 0.93268 15.2781
-0.496517 -0.828232 -0.259812 23.6741 0.862455 -0.436853 -0.255597 30.4196 0.0981944 -0.350984 0.931218 15.3015
-0.506428 -0.811685 -0.291031 23.5481 0.860398 -0.453366 -0.232755 30.646 0.05698 -0.368276 0.927969 15.3242
-0.501395 -0.810486 -0.302846 23.432 0.860789 -0.431901 -0.269264 30.8789 0.0874346 -0.395694 0.914211 15.3763
-0.473547 -0.830598 -0.293019 23.3227 0.874914 -0.405311 -0.265043 31.1047 0.10138 -0.381877 0.918636 15.4507
-0.456079 -0.841683 -0.289072 23.2288 0.885082 -0.395102 -0.246017 31.3359 0.0928553 -0.368055 0.925156 15.5029
-0.475973 -0.837744 -0.267648 23.1135 0.872576 -0.411844 -0.262669 31.5729 0.10982 -0.358567 0.927022 15.5537
-0.501469 -0.817217 -0.284052 22.9775 0.862022 -0.443938 -0.244617 31.7968 0.0738036 -0.367527 0.92708 15.5926
-0.505588 -0.807882 -0.302834 22.8636 0.860139 -0.444552 -0.25007 32.0144 0.0674015 -0.386911 0.91965 15.6264
-0.486468 -0.815848 -0.312636 22.7467 0.867169 -0.407195 -0.286724 32.2395 0.106619 -0.41059 0.905565 15.6933
-0.459609 -0.834959 -0.302659 22.6349 0.88214 -0.389705 -0.264496 32.4719 0.102895 -0.388553 0.915663 15.7474
-0.45887 -0.842512 -0.282154 22.5175 0.882043 -0.393729 -0.258799 32.7029 0.106949 -0.367628 0.923803 15.7682
-0.472736 -0.834944 -0.28176 22.3819 0.878852 -0.42338 -0.219927 32.9362 0.0643349 -0.351593 0.93394 15.7715
-0.466724 -0.830458 -0.304152 22.2696 0.883609 -0.423291 -0.200149 33.1557 0.0374711 -0.362166 0.93136 15.7924
-0.456631 -0.832394 -0.314021 22.1574 0.886225 -0.394625 -0.242643 33.3871 0.0780538 -0.389091 0.917887 15.8529
-0.418359 -0.856686 -0.301769 22.0487 0.905296 -0.366381 -0.21495 33.6226 0.0735827 -0.363116 0.928834 15.912
-0.410038 -0.862279 -0.297229 21.9388 0.90869 -0.358196 -0.214424 33.8539 0.0784272 -0.358011 0.930418 15.9505
-0.425036 -0.864867 -0.267114 21.8127 0.900531 -0.374163 -0.221464 34.0921 0.0915925 -0.334675 0.937872 16.0046
-0.444513 -0.844564 -0.298528 21.6906 0.894781 -0.402962 -0.192326 34.3061 0.0421362 -0.352609 0.934822 16.0282
-0.454151 -0.835852 -0.30838 21.5657 0.888731 -0.400754 -0.222607 34.5364 0.0624821 -0.375164 0.92485 16.0639
-0.428225 -0.842801 -0.326052 21.4605 0.899609 -0.363408 -0.242153 34.7769 0.0855973 -0.397015 0.913812 16.1401
-0.405937 -0.859384 -0.310927 21.368 0.910402 -0.350514 -0.219791 35.002 0.0799007 -0.372289 0.924671 16.1921
-0.412581 -0.865044 -0.285439 21.2619 0.905625 -0.355787 -0.230778 35.2409 0.0980774 -0.353715 0.930197 16.2421
-0.44065 -0.845545 -0.301463 21.1397 0.89356 -0.381021 -0.237431 35.4574 0.0858945 -0.373999 0.923443 16.2935
-0.44574 -0.833159 -0.327357 21.0291 0.891851 -0.381905 -0.242385 35.6838 0.0769265 -0.399994 0.913284 16.3313
-0.422511 -0.846158 -0.324811 20.9412 0.89939 -0.347062 -0.265793 35.9205 0.112173 -0.404432 0.907663 16.4093
-0.391958 -0.862094 -0.32119 20.8676 0.913196 -0.322254 -0.249449 36.1519 0.111544 -0.391083 0.913571 16.475
-0.374536 -0.870854 -0.318333 20.7938 0.919714 -0.305352 -0.24675 36.3991 0.117679 -0.385192 0.915303 16.5168
-0.38657 -0.872192 -0.299742 20.6953 0.916108 -0.325667 -0.233853 36.6352 0.106349 -0.364996 0.924915 16.5665
-0.38966 -0.86 -0.329491 20.5962 0.917361 -0.330853 -0.221326 36.8599 0.0813272 -0.388504 0.917851 16.6066
-0.383437 -0.864709 -0.324429 20.4974 0.918776 -0.321405 -0.229236 37.1011 0.0939495 -0.385975 0.917713 16.6453
-0.356249 -0.886114 -0.296461 20.4168 0.929172 -0.302467 -0.212494 37.3393 0.0986238 -0.351164 0.931105 16.7208
-0.373967 -0.878461 -0.297413 20.3174 0.922839 -0.320549 -0.21358 37.5699 0.0922857 -0.354336 0.930553 16.7617
-0.411129 -0.86828 -0.277601 20.2055 0.905447 -0.353712 -0.234635 37.805 0.105538 -0.347819 0.931603 16.8129
-0.443271 -0.843755 -0.302636 20.1026 0.893802 -0.390417 -0.220664 38.0099 0.0680321 -0.36831 0.92721 16.8658
-0.467996 -0.832234 -0.297264 19.9984 0.879323 -0.404975 -0.25057 38.2161 0.0881487 -0.378657 0.92133 16.9252
-0.475648 -0.826672 -0.300619 19.8862 0.874941 -0.409362 -0.258653 38.428 0.0907596 -0.386052 0.918002 16.9879
-0.463957 -0.837018 -0.290078 19.7899 0.882703 -0.409206 -0.231052 38.6585 0.0746928 -0.363251 0.928693 17.0375
-0.485113 -0.827978 -0.28128 19.6908 0.870484 -0.42664 -0.245431 38.8819 0.0832063 -0.363911 0.92771 17.0756
-0.515571 -0.806982 -0.288038 19.5878 0.854281 -0.458119 -0.245622 39.0853 0.066257 -0.372701 0.925583 17.1383
-0.522065 -0.796186 -0.305836 19.497 0.85113 -0.463209 -0.24701 39.3026 0.0549999 -0.389262 0.919484 17.1809
-0.510771 -0.801659 -0.310575 19.4021 0.856411 -0.442795 -0.265507 39.5423 0.075325 -0.401593 0.912715 17.2216
-0.470932 -0.82728 -0.306319 19.3429 0.880352 -0.418439 -0.22336 39.7615 0.0566048 -0.374856 0.925353 17.2741
-0.438313 -0.848458 -0.29665 19.2952 0.896573 -0.38938 -0.211048 40.0069 0.0635555 -0.358473 0.931374 17.3198
-0.448272 -0.848982 -0.279789 19.2202 0.889231 -0.391584 -0.236497 40.2541 0.0912211 -0.354812 0.930477 17.3867
-0.448984 -0.845675 -0.288524 19.1293 0.889636 -0.392929 -0.232711 40.4918 0.0834287 -0.361165 0.928762 17.4464
-0.415652 -0.858032 -0.301685 19.0745 0.903514 -0.351461 -0.245232 40.7488 0.104386 -0.374507 0.921329 17.5012
-0.344786 -0.900367 -0.265445 19.0368 0.929246 -0.287395 -0.232176 41.0127 0.132756 -0.326715 0.935753 17.5806
-0.276811 -0.926759 -0.253955 19.0205 0.951841 -0.228192 -0.204764 41.2663 0.131816 -0.298406 0.945293 17.6319
-0.251467 -0.935336 -0.248821 18.9841 0.957136 -0.202146 -0.207433 41.5216 0.143722 -0.290318 0.946076 17.6838
-0.248877 -0.930012 -0.270442 18.9295 0.961601 -0.203915 -0.183689 41.761 0.115686 -0.305773 0.94505 17.7325
-0.236305 -0.925256 -0.296753 18.8629 0.965944 -0.190553 -0.175049 41.9984 0.105418 -0.328011 0.938773 17.7767
-0.21048 -0.929473 -0.302948 18.8104 0.96689 -0.152185 -0.20485 42.2379 0.144299 -0.336034 0.93073 17.8595
-0.170926 -0.94862 -0.266279 18.7694 0.975464 -0.124864 -0.181325 42.4624 0.13876 -0.290739 0.946687 17.9458
-0.166566 -0.953354 -0.251739 18.7244 0.972458 -0.116615 -0.20181 42.6889 0.16304 -0.27842 0.94652 18.0214
-0.191222 -0.954092 -0.230525 18.6696 0.964163 -0.138576 -0.226242 42.9328 0.18391 -0.265527 0.9464 18.1062
-0.192183 -0.94587 -0.261524 18.6163 0.967768 -0.138471 -0.210358 43.164 0.162758 -0.293522 0.941995 18.1793
-0.179511 -0.94404 -0.276702 18.579 0.965482 -0.115102 -0.233659 43.4153 0.188734 -0.309095 0.932116 18.2282
-0.133778 -0.961254 -0.241028 18.5623 0.976774 -0.0868188 -0.195893 43.6624 0.167377 -0.261637 0.950543 18.2836
-0.0997429 -0.962145 -0.253632 18.5562 0.985182 -0.0597517 -0.160765 43.9048 0.139524 -0.265909 0.953848 18.3144
-0.107584 -0.965369 -0.237672 18.5208 0.981883 -0.0656624 -0.17775 44.1649 0.155988 -0.252489 0.954943 18.3724
-0.13581 -0.962046 -0.236694 18.4571 0.980984 -0.0971437 -0.168025 44.4077 0.138655 -0.255013 0.956945 18.4453
-0.147105 -0.953386 -0.263467 18.391 0.978644 -0.101623 -0.178684 44.6532 0.14358 -0.284125 0.947975 18.5053
-0.128578 -0.956734 -0.261014 18.346 0.976807 -0.0767405 -0.199896 44.9117 0.171217 -0.280663 0.944412 18.5972
-0.122714 -0.961927 -0.244207 18.304 0.979112 -0.0771489 -0.188115 45.1489 0.162112 -0.262191 0.951302 18.6788
-0.133952 -0.964739 -0.226573 18.2587 0.972827 -0.0844443 -0.215583 45.3855 0.188849 -0.249294 0.949836 18.7581
-0.181211 -0.959118 -0.217382 18.178 0.970426 -0.138543 -0.197686 45.646 0.159487 -0.246776 0.955858 18.8233
-0.195107 -0.946653 -0.256478 18.1261 0.9711 -0.149805 -0.185807 45.8952 0.137473 -0.285318 0.948522 18.8625
-0.191977 -0.940872 -0.279116 18.0801 0.968868 -0.136395 -0.20662 46.1531 0.156333 -0.310092 0.937765 18.9223
-0.163951 -0.950524 -0.263864 18.0673 0.977648 -0.120874 -0.172031 46.4152 0.131626 -0.28617 0.949095 18.9889
-0.158891 -0.95388 -0.25469 18.0389 0.974873 -0.110786 -0.19326 46.6675 0.156131 -0.278997 0.947514 19.0675
-0.184416 -0.949851 -0.252535 18.0035 0.970211 -0.134863 -0.201251 46.9262 0.1571 -0.282126 0.946427 19.1612
-0.193375 -0.938504 -0.286036 17.9638 0.970626 -0.14046 -0.195333 47.166 0.143144 -0.315406 0.938098 19.2384
-0.201654 -0.928716 -0.311164 17.9158 0.964075 -0.132122 -0.230443 47.4088 0.172905 -0.346455 0.921994 19.3137
-0.175577 -0.940549 -0.290759 17.8824 0.968478 -0.112009 -0.222494 47.6429 0.176699 -0.320658 0.930568 19.4084
-0.180131 -0.943245 -0.279002 17.8317 0.966741 -0.117409 -0.227217 47.8909 0.181563 -0.310652 0.933022 19.4691
-0.196233 -0.946852 -0.254879 17.7645 0.961977 -0.135537 -0.237127 48.1306 0.189979 -0.29172 0.937447 19.5253
-0.208706 -0.941774 -0.263633 17.6938 0.963578 -0.15193 -0.22008 48.3508 0.167212 -0.299963 0.939182 19.6003
-0.223485 -0.931369 -0.287412 17.6161 0.959488 -0.158309 -0.23307 48.5876 0.171575 -0.327856 0.929017 19.6545
-0.202378 -0.933804 -0.295046 17.5506 0.9605 -0.130508 -0.245778 48.8276 0.191003 -0.333132 0.923331 19.7341
-0.181569 -0.943275 -0.277966 17.4967 0.968211 -0.122025 -0.218352 49.0609 0.172047 -0.308776 0.935445 19.7879
-0.181021 -0.949133 -0.25764 17.4505 0.963289 -0.118303 -0.240993 49.2965 0.198255 -0.291807 0.935705 19.8493
-0.224038 -0.939482 -0.259193 17.3628 0.954376 -0.157619 -0.253621 49.5387 0.197419 -0.304188 0.931931 19.9258
-0.240236 -0.929586 -0.279566 17.2866 0.954791 -0.174332 -0.240796 49.7757 0.175103 -0.324775 0.929441 19.9662
-0.245363 -0.918123 -0.311203 17.2155 0.95001 -0.163787 -0.26581 50.0331 0.193075 -0.360865 0.912413 20.0193
-0.202972 -0.935881 -0.287974 17.1615 0.963147 -0.137808 -0.230993 50.2638 0.176497 -0.324246 0.929362 20.077
-0.186832 -0.941374 -0.280906 17.0985 0.962083 -0.11749 -0.246154 50.4946 0.19872 -0.316245 0.927631 20.1363
-0.210512 -0.946915 -0.242974 16.9971 0.954743 -0.145719 -0.259291 50.7322 0.210121 -0.286562 0.934736 20.2028
-0.218319 -0.942231 -0.254043 16.9117 0.95789 -0.157155 -0.240309 50.9643 0.186502 -0.29581 0.936864 20.2516
-0.22053 -0.937021 -0.270847 16.8244 0.954073 -0.149504 -0.259603 51.1965 0.20276 -0.315658 0.926956 20.2924
-0.207299 -0.938507 -0.2761 16.7517 0.955893 -0.134292 -0.261217 51.4285 0.208076 -0.318072 0.924951 20.3664
-0.21966 -0.939853 -0.261585 16.672 0.957128 -0.155717 -0.244249 51.6413 0.188825 -0.304022 0.933764 20.4049
-0.268137 -0.926487 -0.264055 16.5747 0.944116 -0.198172 -0.263389 51.8799 0.191698 -0.319923 0.927848 20.4493
-0.325208 -0.905299 -0.273265 16.4544 0.932117 -0.25818 -0.253971 52.1131 0.159368 -0.337308 0.927807 20.4976
-0.341469 -0.89064 -0.300265 16.3588 0.928945 -0.271188 -0.252028 52.35 0.143038 -0.364989 0.919958 20.5235
-0.332663 -0.89215 -0.305621 16.2787 0.931015 -0.259094 -0.257062 52.5992 0.150153 -0.370053 0.916796 20.5802
-0.316849 -0.905686 -0.281672 16.2032 0.938586 -0.256625 -0.23065 52.8192 0.136613 -0.337455 0.931376 20.6424
-0.339864 -0.899679 -0.273988 16.1029 0.930704 -0.279859 -0.235518 53.0544 0.135213 -0.335046 0.932449 20.6648
-0.387849 -0.872257 -0.297893 15.9837 0.915205 -0.326071 -0.236808 53.2856 0.109423 -0.364479 0.92476 20.6926
-0.410719 -0.851284 -0.326537 15.8664 0.909178 -0.35544 -0.216929 53.5014 0.0686038 -0.385977 0.919954 20.7078
-0.427563 -0.840961 -0.331624 15.7459 0.90014 -0.362259 -0.241903 53.7258 0.0832972 -0.401937 0.911871 20.7452
-0.424241 -0.849332 -0.314094 15.6295 0.902226 -0.366753 -0.226893 53.9273 0.0775131 -0.379641 0.921881 20.801
-0.446079 -0.838891 -0.31189 15.4845 0.893095 -0.394545 -0.216136 54.1354 0.0582602 -0.374961 0.925208 20.8131
-0.483981 -0.822441 -0.298921 15.3306 0.872993 -0.430212 -0.229786 54.3388 0.0603857 -0.372168 0.926199 20.8489
-0.532464 -0.782067 -0.32381 15.1434 0.846274 -0.483998 -0.222635 54.5148 0.017392 -0.392577 0.919555 20.8691
